0.000000 	 0.139512 
0.003142 	 0.139514 
0.006283 	 0.139520 
0.009425 	 0.139530 
0.012566 	 0.139545 
0.015708 	 0.139563 
0.018850 	 0.139586 
0.021991 	 0.139613 
0.025133 	 0.139644 
0.028274 	 0.139679 
0.031416 	 0.139719 
0.034558 	 0.139762 
0.037699 	 0.139810 
0.040841 	 0.139862 
0.043982 	 0.139918 
0.047124 	 0.139978 
0.050265 	 0.140043 
0.053407 	 0.140111 
0.056549 	 0.140184 
0.059690 	 0.140261 
0.062832 	 0.140342 
0.065973 	 0.140428 
0.069115 	 0.140518 
0.072257 	 0.140612 
0.075398 	 0.140710 
0.078540 	 0.140812 
0.081681 	 0.140919 
0.084823 	 0.141030 
0.087965 	 0.141146 
0.091106 	 0.141265 
0.094248 	 0.141389 
0.097389 	 0.141518 
0.100531 	 0.141650 
0.103673 	 0.141788 
0.106814 	 0.141929 
0.109956 	 0.142075 
0.113097 	 0.142225 
0.116239 	 0.142380 
0.119381 	 0.142539 
0.122522 	 0.142703 
0.125664 	 0.142871 
0.128805 	 0.143044 
0.131947 	 0.143221 
0.135088 	 0.143403 
0.138230 	 0.143589 
0.141372 	 0.143780 
0.144513 	 0.143976 
0.147655 	 0.144176 
0.150796 	 0.144381 
0.153938 	 0.144590 
0.157080 	 0.144804 
0.160221 	 0.145023 
0.163363 	 0.145247 
0.166504 	 0.145476 
0.169646 	 0.145709 
0.172788 	 0.145947 
0.175929 	 0.146190 
0.179071 	 0.146438 
0.182212 	 0.146691 
0.185354 	 0.146948 
0.188496 	 0.147211 
0.191637 	 0.147479 
0.194779 	 0.147752 
0.197920 	 0.148029 
0.201062 	 0.148312 
0.204204 	 0.148600 
0.207345 	 0.148893 
0.210487 	 0.149192 
0.213628 	 0.149496 
0.216770 	 0.149804 
0.219911 	 0.150119 
0.223053 	 0.150438 
0.226195 	 0.150763 
0.229336 	 0.151094 
0.232478 	 0.151429 
0.235619 	 0.151771 
0.238761 	 0.152118 
0.241903 	 0.152470 
0.245044 	 0.152828 
0.248186 	 0.153192 
0.251327 	 0.153562 
0.254469 	 0.153937 
0.257611 	 0.154318 
0.260752 	 0.154705 
0.263894 	 0.155098 
0.267035 	 0.155496 
0.270177 	 0.155901 
0.273319 	 0.156312 
0.276460 	 0.156729 
0.279602 	 0.157152 
0.282743 	 0.157581 
0.285885 	 0.158017 
0.289027 	 0.158458 
0.292168 	 0.158907 
0.295310 	 0.159361 
0.298451 	 0.159822 
0.301593 	 0.160290 
0.304734 	 0.160764 
0.307876 	 0.161245 
0.311018 	 0.161733 
0.314159 	 0.162227 
0.317301 	 0.162729 
0.320442 	 0.163237 
0.323584 	 0.163752 
0.326726 	 0.164274 
0.329867 	 0.164804 
0.333009 	 0.165340 
0.336150 	 0.165884 
0.339292 	 0.166435 
0.342434 	 0.166994 
0.345575 	 0.167560 
0.348717 	 0.168133 
0.351858 	 0.168714 
0.355000 	 0.169303 
0.358142 	 0.169900 
0.361283 	 0.170505 
0.364425 	 0.171117 
0.367566 	 0.171738 
0.370708 	 0.172367 
0.373850 	 0.173003 
0.376991 	 0.173649 
0.380133 	 0.174302 
0.383274 	 0.174964 
0.386416 	 0.175635 
0.389558 	 0.176315 
0.392699 	 0.177003 
0.395841 	 0.177700 
0.398982 	 0.178406 
0.402124 	 0.179121 
0.405265 	 0.179845 
0.408407 	 0.180578 
0.411549 	 0.181321 
0.414690 	 0.182074 
0.417832 	 0.182836 
0.420973 	 0.183607 
0.424115 	 0.184389 
0.427257 	 0.185180 
0.430398 	 0.185982 
0.433540 	 0.186794 
0.436681 	 0.187616 
0.439823 	 0.188448 
0.442965 	 0.189291 
0.446106 	 0.190145 
0.449248 	 0.191009 
0.452389 	 0.191885 
0.455531 	 0.192771 
0.458673 	 0.193669 
0.461814 	 0.194578 
0.464956 	 0.195499 
0.468097 	 0.196431 
0.471239 	 0.197376 
0.474380 	 0.198332 
0.477522 	 0.199300 
0.480664 	 0.200281 
0.483805 	 0.201273 
0.486947 	 0.202279 
0.490088 	 0.203297 
0.493230 	 0.204329 
0.496372 	 0.205373 
0.499513 	 0.206430 
0.502655 	 0.207501 
0.505796 	 0.208586 
0.508938 	 0.209685 
0.512080 	 0.210797 
0.515221 	 0.211924 
0.518363 	 0.213065 
0.521504 	 0.214220 
0.524646 	 0.215391 
0.527788 	 0.216576 
0.530929 	 0.217777 
0.534071 	 0.218993 
0.537212 	 0.220225 
0.540354 	 0.221472 
0.543496 	 0.222736 
0.546637 	 0.224015 
0.549779 	 0.225312 
0.552920 	 0.226625 
0.556062 	 0.227955 
0.559204 	 0.229303 
0.562345 	 0.230667 
0.565487 	 0.232050 
0.568628 	 0.233451 
0.571770 	 0.234870 
0.574911 	 0.236308 
0.578053 	 0.237764 
0.581195 	 0.239239 
0.584336 	 0.240734 
0.587478 	 0.242249 
0.590619 	 0.243784 
0.593761 	 0.245339 
0.596903 	 0.246914 
0.600044 	 0.248511 
0.603186 	 0.250128 
0.606327 	 0.251768 
0.609469 	 0.253429 
0.612611 	 0.255112 
0.615752 	 0.256818 
0.618894 	 0.258547 
0.622035 	 0.260299 
0.625177 	 0.262075 
0.628319 	 0.263875 
0.631460 	 0.265700 
0.634602 	 0.267549 
0.637743 	 0.269424 
0.640885 	 0.271324 
0.644027 	 0.273250 
0.647168 	 0.275203 
0.650310 	 0.277182 
0.653451 	 0.279189 
0.656593 	 0.281224 
0.659734 	 0.283287 
0.662876 	 0.285379 
0.666018 	 0.287500 
0.669159 	 0.289651 
0.672301 	 0.291832 
0.675442 	 0.294043 
0.678584 	 0.296286 
0.681726 	 0.298561 
0.684867 	 0.300868 
0.688009 	 0.303208 
0.691150 	 0.305581 
0.694292 	 0.307989 
0.697434 	 0.310431 
0.700575 	 0.312908 
0.703717 	 0.315421 
0.706858 	 0.317970 
0.710000 	 0.320557 
0.713142 	 0.323181 
0.716283 	 0.325844 
0.719425 	 0.328546 
0.722566 	 0.331288 
0.725708 	 0.334071 
0.728850 	 0.336894 
0.731991 	 0.339760 
0.735133 	 0.342669 
0.738274 	 0.345621 
0.741416 	 0.348618 
0.744557 	 0.351660 
0.747699 	 0.354748 
0.750841 	 0.357883 
0.753982 	 0.361066 
0.757124 	 0.364297 
0.760265 	 0.367579 
0.763407 	 0.370911 
0.766549 	 0.374294 
0.769690 	 0.377730 
0.772832 	 0.381220 
0.775973 	 0.384764 
0.779115 	 0.388364 
0.782257 	 0.392021 
0.785398 	 0.395735 
0.788540 	 0.399509 
0.791681 	 0.403343 
0.794823 	 0.407238 
0.797965 	 0.411196 
0.801106 	 0.415218 
0.804248 	 0.419305 
0.807389 	 0.423458 
0.810531 	 0.427679 
0.813673 	 0.431970 
0.816814 	 0.436331 
0.819956 	 0.440764 
0.823097 	 0.445271 
0.826239 	 0.449853 
0.829380 	 0.454512 
0.832522 	 0.459249 
0.835664 	 0.464066 
0.838805 	 0.468964 
0.841947 	 0.473946 
0.845088 	 0.479014 
0.848230 	 0.484168 
0.851372 	 0.489411 
0.854513 	 0.494745 
0.857655 	 0.500172 
0.860796 	 0.505693 
0.863938 	 0.511312 
0.867080 	 0.517030 
0.870221 	 0.522848 
0.873363 	 0.528771 
0.876504 	 0.534799 
0.879646 	 0.540936 
0.882788 	 0.547183 
0.885929 	 0.553543 
0.889071 	 0.560019 
0.892212 	 0.566614 
0.895354 	 0.573330 
0.898495 	 0.580169 
0.901637 	 0.587136 
0.904779 	 0.594233 
0.907920 	 0.601462 
0.911062 	 0.608828 
0.914203 	 0.616333 
0.917345 	 0.623980 
0.920487 	 0.631774 
0.923628 	 0.639718 
0.926770 	 0.647814 
0.929911 	 0.656067 
0.933053 	 0.664482 
0.936195 	 0.673061 
0.939336 	 0.681809 
0.942478 	 0.690730 
0.945619 	 0.699829 
0.948761 	 0.709109 
0.951903 	 0.718576 
0.955044 	 0.728235 
0.958186 	 0.738089 
0.961327 	 0.748145 
0.964469 	 0.758407 
0.967611 	 0.768881 
0.970752 	 0.779572 
0.973894 	 0.790487 
0.977035 	 0.801630 
0.980177 	 0.813008 
0.983319 	 0.824628 
0.986460 	 0.836495 
0.989602 	 0.848618 
0.992743 	 0.861001 
0.995885 	 0.873653 
0.999026 	 0.886582 
1.002168 	 0.899793 
1.005310 	 0.913297 
1.008451 	 0.927100 
1.011593 	 0.941212 
1.014735 	 0.955640 
1.017876 	 0.970394 
1.021018 	 0.985484 
1.024159 	 1.000918 
1.027301 	 1.016708 
1.030442 	 1.032863 
1.033584 	 1.049394 
1.036726 	 1.066312 
1.039867 	 1.083629 
1.043009 	 1.101357 
1.046150 	 1.119507 
1.049292 	 1.138094 
1.052434 	 1.157130 
1.055575 	 1.176628 
1.058717 	 1.196604 
1.061858 	 1.217071 
1.065000 	 1.238047 
1.068142 	 1.259546 
1.071283 	 1.281584 
1.074425 	 1.304180 
1.077566 	 1.327351 
1.080708 	 1.351116 
1.083849 	 1.375494 
1.086991 	 1.400506 
1.090133 	 1.426171 
1.093274 	 1.452512 
1.096416 	 1.479552 
1.099557 	 1.507313 
1.102699 	 1.535822 
1.105841 	 1.565102 
1.108982 	 1.595181 
1.112124 	 1.626086 
1.115265 	 1.657845 
1.118407 	 1.690491 
1.121549 	 1.724053 
1.124690 	 1.758563 
1.127832 	 1.794057 
1.130973 	 1.830570 
1.134115 	 1.868139 
1.137257 	 1.906803 
1.140398 	 1.946602 
1.143540 	 1.987579 
1.146681 	 2.029777 
1.149823 	 2.073246 
1.152964 	 2.118029 
1.156106 	 2.164181 
1.159248 	 2.211754 
1.162389 	 2.260802 
1.165531 	 2.311386 
1.168672 	 2.363563 
1.171814 	 2.417402 
1.174956 	 2.472967 
1.178097 	 2.530327 
1.181239 	 2.589559 
1.184380 	 2.650738 
1.187522 	 2.713949 
1.190664 	 2.779275 
1.193805 	 2.846804 
1.196947 	 2.916635 
1.200088 	 2.988863 
1.203230 	 3.063597 
1.206372 	 3.140944 
1.209513 	 3.221026 
1.212655 	 3.303960 
1.215796 	 3.389874 
1.218938 	 3.478910 
1.222080 	 3.571206 
1.225221 	 3.666921 
1.228363 	 3.766212 
1.231504 	 3.869244 
1.234646 	 3.976206 
1.237787 	 4.087279 
1.240929 	 4.202674 
1.244071 	 4.322600 
1.247212 	 4.447276 
1.250354 	 4.576954 
1.253495 	 4.711879 
1.256637 	 4.852329 
1.259779 	 4.998589 
1.262920 	 5.150958 
1.266062 	 5.309771 
1.269203 	 5.475365 
1.272345 	 5.648120 
1.275487 	 5.828415 
1.278628 	 6.016684 
1.281770 	 6.213369 
1.284911 	 6.418940 
1.288053 	 6.633922 
1.291195 	 6.858851 
1.294336 	 7.094326 
1.297478 	 7.340968 
1.300619 	 7.599442 
1.303761 	 7.870491 
1.306903 	 8.154866 
1.310044 	 8.453433 
1.313186 	 8.767074 
1.316327 	 9.096745 
1.319469 	 9.443520 
1.322610 	 9.808492 
1.325752 	 10.192913 
1.328894 	 10.598083 
1.332035 	 11.025407 
1.335177 	 11.476466 
1.338318 	 11.952893 
1.341460 	 12.456548 
1.344602 	 12.989365 
1.347743 	 13.553533 
1.350885 	 14.151372 
1.354026 	 14.785412 
1.357168 	 15.458496 
1.360310 	 16.173611 
1.363451 	 16.934153 
1.366593 	 17.743753 
1.369734 	 18.606388 
1.372876 	 19.526533 
1.376018 	 20.508966 
1.379159 	 21.559109 
1.382301 	 22.682814 
1.385442 	 23.886551 
1.388584 	 25.177605 
1.391726 	 26.563854 
1.394867 	 28.054249 
1.398009 	 29.658480 
1.401150 	 31.387594 
1.404292 	 33.253674 
1.407434 	 35.270176 
1.410575 	 37.452351 
1.413717 	 39.816875 
1.416858 	 42.382751 
1.420000 	 45.170952 
1.423141 	 48.204845 
1.426283 	 51.510979 
1.429425 	 55.118473 
1.432566 	 59.060383 
1.435708 	 63.373093 
1.438849 	 68.097015 
1.441991 	 73.277428 
1.445133 	 78.963402 
1.448274 	 85.209465 
1.451416 	 92.073906 
1.454557 	 99.619003 
1.457699 	 107.910873 
1.460841 	 117.015938 
1.463982 	 127.000923 
1.467124 	 137.926620 
1.470265 	 149.846054 
1.473407 	 162.795380 
1.476549 	 176.787781 
1.479690 	 191.806732 
1.482832 	 207.794525 
1.485973 	 224.650497 
1.489115 	 242.225677 
1.492257 	 260.328491 
1.495398 	 278.739594 
1.498540 	 297.227753 
1.501681 	 315.581024 
1.504823 	 333.629150 
1.507964 	 351.267822 
1.511106 	 368.474579 
1.514248 	 385.305817 
1.517389 	 401.894135 
1.520531 	 418.427338 
1.523672 	 435.133881 
1.526814 	 452.258057 
1.529956 	 470.042328 
1.533097 	 488.709991 
1.536239 	 508.440826 
1.539380 	 529.353271 
1.542522 	 551.471741 
1.545664 	 574.691833 
1.548805 	 598.741882 
1.551947 	 623.130432 
1.555088 	 647.116272 
1.558230 	 669.693237 
1.561372 	 689.636047 
1.564513 	 705.624573 
1.567655 	 716.436707 
1.570796 	 721.192932 
1.573938 	 719.554932 
1.577080 	 711.811279 
1.580221 	 698.802124 
1.583363 	 681.727051 
1.586504 	 661.902588 
1.589646 	 640.566467 
1.592788 	 618.745728 
1.595929 	 597.211304 
1.599071 	 576.481323 
1.602212 	 556.849915 
1.605354 	 538.434082 
1.608495 	 521.205811 
1.611637 	 505.028442 
1.614779 	 489.678528 
1.617920 	 474.863342 
1.621062 	 460.242950 
1.624203 	 445.447144 
1.627345 	 430.108185 
1.630487 	 413.895050 
1.633628 	 396.555389 
1.636770 	 377.961975 
1.639911 	 358.137848 
1.643053 	 337.268951 
1.646195 	 315.676025 
1.649336 	 293.772095 
1.652478 	 271.999634 
1.655619 	 250.770584 
1.658761 	 230.430542 
1.661903 	 211.231064 
1.665044 	 193.332703 
1.668186 	 176.812851 
1.671327 	 161.680634 
1.674469 	 147.899414 
1.677611 	 135.398422 
1.680752 	 124.089729 
1.683894 	 113.876534 
1.687035 	 104.658981 
1.690177 	 96.341339 
1.693318 	 88.831985 
1.696460 	 82.047104 
1.699602 	 75.910202 
1.702743 	 70.351669 
1.705885 	 65.309906 
1.709026 	 60.729328 
1.712168 	 56.561207 
1.715310 	 52.761723 
1.718451 	 49.292503 
1.721593 	 46.119576 
1.724734 	 43.212490 
1.727876 	 40.544743 
1.731018 	 38.092419 
1.734159 	 35.834587 
1.737301 	 33.752644 
1.740442 	 31.829790 
1.743584 	 30.051367 
1.746726 	 28.404015 
1.749867 	 26.875984 
1.753009 	 25.456745 
1.756150 	 24.136709 
1.759292 	 22.907459 
1.762434 	 21.761229 
1.765575 	 20.691200 
1.768717 	 19.691072 
1.771858 	 18.755247 
1.775000 	 17.878654 
1.778141 	 17.056610 
1.781283 	 16.284971 
1.784425 	 15.559877 
1.787566 	 14.877870 
1.790708 	 14.235811 
1.793849 	 13.630764 
1.796991 	 13.060119 
1.800133 	 12.521418 
1.803274 	 12.012461 
1.806416 	 11.531235 
1.809557 	 11.075827 
1.812699 	 10.644551 
1.815841 	 10.235790 
1.818982 	 9.848100 
1.822124 	 9.480149 
1.825265 	 9.130655 
1.828407 	 8.798499 
1.831549 	 8.482584 
1.834690 	 8.181947 
1.837832 	 7.895650 
1.840973 	 7.622850 
1.844115 	 7.362766 
1.847257 	 7.114641 
1.850398 	 6.877810 
1.853540 	 6.651615 
1.856681 	 6.435472 
1.859823 	 6.228828 
1.862965 	 6.031153 
1.866106 	 5.841974 
1.869248 	 5.660821 
1.872389 	 5.487280 
1.875531 	 5.320957 
1.878672 	 5.161465 
1.881814 	 5.008466 
1.884956 	 4.861619 
1.888097 	 4.720628 
1.891239 	 4.585190 
1.894380 	 4.455039 
1.897522 	 4.329920 
1.900664 	 4.209581 
1.903805 	 4.093807 
1.906947 	 3.982369 
1.910088 	 3.875070 
1.913230 	 3.771721 
1.916372 	 3.672135 
1.919513 	 3.576148 
1.922655 	 3.483588 
1.925796 	 3.394308 
1.928938 	 3.308165 
1.932080 	 3.225016 
1.935221 	 3.144736 
1.938363 	 3.067196 
1.941504 	 2.992282 
1.944646 	 2.919885 
1.947788 	 2.849895 
1.950929 	 2.782217 
1.954071 	 2.716750 
1.957212 	 2.653408 
1.960354 	 2.592101 
1.963495 	 2.532749 
1.966637 	 2.475277 
1.969779 	 2.419606 
1.972920 	 2.365669 
1.976062 	 2.313394 
1.979203 	 2.262720 
1.982345 	 2.213587 
1.985487 	 2.165934 
1.988628 	 2.119706 
1.991770 	 2.074848 
1.994911 	 2.031311 
1.998053 	 1.989047 
2.001194 	 1.948009 
2.004336 	 1.908150 
2.007478 	 1.869430 
2.010619 	 1.831807 
2.013761 	 1.795243 
2.016902 	 1.759702 
2.020044 	 1.725145 
2.023186 	 1.691539 
2.026327 	 1.658852 
2.029469 	 1.627051 
2.032610 	 1.596111 
2.035752 	 1.565995 
2.038894 	 1.536680 
2.042035 	 1.508139 
2.045177 	 1.480347 
2.048318 	 1.453277 
2.051460 	 1.426907 
2.054602 	 1.401213 
2.057743 	 1.376175 
2.060885 	 1.351774 
2.064026 	 1.327984 
2.067168 	 1.304790 
2.070310 	 1.282171 
2.073451 	 1.260111 
2.076593 	 1.238594 
2.079734 	 1.217599 
2.082876 	 1.197112 
2.086018 	 1.177119 
2.089159 	 1.157603 
2.092301 	 1.138552 
2.095442 	 1.119950 
2.098584 	 1.101784 
2.101726 	 1.084042 
2.104867 	 1.066711 
2.108009 	 1.049780 
2.111150 	 1.033236 
2.114292 	 1.017069 
2.117434 	 1.001267 
2.120575 	 0.985821 
2.123717 	 0.970722 
2.126858 	 0.955957 
2.130000 	 0.941518 
2.133142 	 0.927397 
2.136283 	 0.913584 
2.139425 	 0.900073 
2.142566 	 0.886852 
2.145708 	 0.873915 
2.148849 	 0.861255 
2.151991 	 0.848863 
2.155133 	 0.836735 
2.158274 	 0.824860 
2.161416 	 0.813233 
2.164557 	 0.801848 
2.167699 	 0.790699 
2.170841 	 0.779778 
2.173982 	 0.769080 
2.177124 	 0.758601 
2.180265 	 0.748333 
2.183407 	 0.738272 
2.186548 	 0.728412 
2.189690 	 0.718749 
2.192832 	 0.709277 
2.195973 	 0.699992 
2.199115 	 0.690889 
2.202256 	 0.681963 
2.205398 	 0.673211 
2.208540 	 0.664628 
2.211681 	 0.656209 
2.214823 	 0.647952 
2.217964 	 0.639852 
2.221106 	 0.631905 
2.224248 	 0.624108 
2.227389 	 0.616457 
2.230531 	 0.608949 
2.233672 	 0.601580 
2.236814 	 0.594348 
2.239956 	 0.587248 
2.243097 	 0.580278 
2.246239 	 0.573436 
2.249380 	 0.566717 
2.252522 	 0.560120 
2.255664 	 0.553641 
2.258805 	 0.547278 
2.261947 	 0.541029 
2.265088 	 0.534890 
2.268230 	 0.528860 
2.271372 	 0.522935 
2.274513 	 0.517114 
2.277655 	 0.511395 
2.280796 	 0.505774 
2.283938 	 0.500251 
2.287080 	 0.494822 
2.290221 	 0.489486 
2.293363 	 0.484241 
2.296504 	 0.479085 
2.299646 	 0.474016 
2.302788 	 0.469033 
2.305929 	 0.464133 
2.309071 	 0.459314 
2.312212 	 0.454576 
2.315354 	 0.449915 
2.318496 	 0.445332 
2.321637 	 0.440824 
2.324779 	 0.436389 
2.327920 	 0.432027 
2.331062 	 0.427735 
2.334203 	 0.423512 
2.337345 	 0.419358 
2.340487 	 0.415270 
2.343628 	 0.411247 
2.346770 	 0.407288 
2.349911 	 0.403392 
2.353053 	 0.399557 
2.356194 	 0.395782 
2.359336 	 0.392067 
2.362478 	 0.388409 
2.365619 	 0.384808 
2.368761 	 0.381263 
2.371902 	 0.377772 
2.375044 	 0.374335 
2.378186 	 0.370951 
2.381327 	 0.367618 
2.384469 	 0.364336 
2.387610 	 0.361104 
2.390752 	 0.357920 
2.393894 	 0.354785 
2.397035 	 0.351696 
2.400177 	 0.348653 
2.403318 	 0.345656 
2.406460 	 0.342703 
2.409602 	 0.339794 
2.412743 	 0.336927 
2.415885 	 0.334103 
2.419026 	 0.331320 
2.422168 	 0.328577 
2.425310 	 0.325875 
2.428451 	 0.323211 
2.431593 	 0.320586 
2.434734 	 0.317999 
2.437876 	 0.315449 
2.441018 	 0.312935 
2.444159 	 0.310458 
2.447301 	 0.308015 
2.450442 	 0.305608 
2.453584 	 0.303234 
2.456726 	 0.300893 
2.459867 	 0.298586 
2.463009 	 0.296311 
2.466150 	 0.294068 
2.469292 	 0.291855 
2.472434 	 0.289674 
2.475575 	 0.287523 
2.478717 	 0.285402 
2.481858 	 0.283309 
2.485000 	 0.281246 
2.488142 	 0.279211 
2.491283 	 0.277203 
2.494425 	 0.275223 
2.497566 	 0.273270 
2.500708 	 0.271344 
2.503850 	 0.269443 
2.506991 	 0.267568 
2.510133 	 0.265719 
2.513274 	 0.263894 
2.516416 	 0.262094 
2.519557 	 0.260317 
2.522699 	 0.258565 
2.525841 	 0.256836 
2.528982 	 0.255129 
2.532124 	 0.253446 
2.535265 	 0.251784 
2.538407 	 0.250145 
2.541548 	 0.248527 
2.544690 	 0.246930 
2.547832 	 0.245354 
2.550973 	 0.243799 
2.554115 	 0.242264 
2.557256 	 0.240749 
2.560398 	 0.239254 
2.563540 	 0.237778 
2.566681 	 0.236322 
2.569823 	 0.234884 
2.572964 	 0.233465 
2.576106 	 0.232064 
2.579248 	 0.230681 
2.582389 	 0.229316 
2.585531 	 0.227968 
2.588672 	 0.226638 
2.591814 	 0.225325 
2.594956 	 0.224028 
2.598097 	 0.222748 
2.601239 	 0.221484 
2.604380 	 0.220237 
2.607522 	 0.219005 
2.610664 	 0.217789 
2.613805 	 0.216588 
2.616947 	 0.215402 
2.620088 	 0.214232 
2.623230 	 0.213076 
2.626372 	 0.211935 
2.629513 	 0.210808 
2.632655 	 0.209695 
2.635796 	 0.208597 
2.638938 	 0.207512 
2.642080 	 0.206441 
2.645221 	 0.205383 
2.648363 	 0.204339 
2.651504 	 0.203307 
2.654646 	 0.202289 
2.657788 	 0.201283 
2.660929 	 0.200290 
2.664071 	 0.199310 
2.667212 	 0.198341 
2.670354 	 0.197385 
2.673495 	 0.196441 
2.676637 	 0.195508 
2.679779 	 0.194587 
2.682920 	 0.193678 
2.686062 	 0.192780 
2.689203 	 0.191894 
2.692345 	 0.191018 
2.695487 	 0.190153 
2.698628 	 0.189299 
2.701770 	 0.188456 
2.704911 	 0.187624 
2.708053 	 0.186802 
2.711195 	 0.185990 
2.714336 	 0.185188 
2.717478 	 0.184397 
2.720619 	 0.183615 
2.723761 	 0.182843 
2.726902 	 0.182081 
2.730044 	 0.181329 
2.733186 	 0.180586 
2.736327 	 0.179852 
2.739469 	 0.179128 
2.742610 	 0.178413 
2.745752 	 0.177707 
2.748894 	 0.177010 
2.752035 	 0.176322 
2.755177 	 0.175642 
2.758318 	 0.174971 
2.761460 	 0.174309 
2.764602 	 0.173655 
2.767743 	 0.173010 
2.770885 	 0.172373 
2.774026 	 0.171744 
2.777168 	 0.171124 
2.780310 	 0.170511 
2.783451 	 0.169906 
2.786593 	 0.169310 
2.789734 	 0.168721 
2.792876 	 0.168139 
2.796017 	 0.167566 
2.799159 	 0.167000 
2.802301 	 0.166441 
2.805442 	 0.165890 
2.808584 	 0.165346 
2.811725 	 0.164810 
2.814867 	 0.164280 
2.818009 	 0.163758 
2.821150 	 0.163243 
2.824292 	 0.162734 
2.827433 	 0.162233 
2.830575 	 0.161739 
2.833717 	 0.161251 
2.836858 	 0.160770 
2.840000 	 0.160296 
2.843141 	 0.159828 
2.846283 	 0.159367 
2.849425 	 0.158912 
2.852566 	 0.158464 
2.855708 	 0.158022 
2.858849 	 0.157586 
2.861991 	 0.157157 
2.865133 	 0.156734 
2.868274 	 0.156317 
2.871416 	 0.155906 
2.874557 	 0.155501 
2.877699 	 0.155103 
2.880841 	 0.154710 
2.883982 	 0.154323 
2.887124 	 0.153942 
2.890265 	 0.153567 
2.893407 	 0.153197 
2.896549 	 0.152833 
2.899690 	 0.152475 
2.902832 	 0.152123 
2.905973 	 0.151776 
2.909115 	 0.151434 
2.912256 	 0.151098 
2.915398 	 0.150768 
2.918540 	 0.150443 
2.921681 	 0.150123 
2.924823 	 0.149809 
2.927964 	 0.149500 
2.931106 	 0.149197 
2.934247 	 0.148898 
2.937389 	 0.148605 
2.940531 	 0.148317 
2.943672 	 0.148034 
2.946814 	 0.147756 
2.949955 	 0.147483 
2.953097 	 0.147216 
2.956239 	 0.146953 
2.959380 	 0.146695 
2.962522 	 0.146442 
2.965663 	 0.146194 
2.968805 	 0.145951 
2.971947 	 0.145713 
2.975088 	 0.145480 
2.978230 	 0.145251 
2.981371 	 0.145028 
2.984513 	 0.144809 
2.987655 	 0.144595 
2.990796 	 0.144385 
2.993938 	 0.144180 
2.997079 	 0.143980 
3.000221 	 0.143784 
3.003363 	 0.143593 
3.006504 	 0.143407 
3.009646 	 0.143225 
3.012787 	 0.143048 
3.015929 	 0.142875 
3.019071 	 0.142707 
3.022212 	 0.142543 
3.025354 	 0.142384 
3.028495 	 0.142229 
3.031637 	 0.142079 
3.034779 	 0.141933 
3.037920 	 0.141792 
3.041062 	 0.141654 
3.044203 	 0.141522 
3.047345 	 0.141393 
3.050487 	 0.141269 
3.053628 	 0.141150 
3.056770 	 0.141034 
3.059911 	 0.140923 
3.063053 	 0.140816 
3.066195 	 0.140714 
3.069336 	 0.140616 
3.072478 	 0.140522 
3.075619 	 0.140432 
3.078761 	 0.140346 
3.081903 	 0.140265 
3.085044 	 0.140188 
3.088186 	 0.140115 
3.091327 	 0.140046 
3.094469 	 0.139982 
3.097610 	 0.139922 
3.100752 	 0.139866 
3.103894 	 0.139814 
3.107035 	 0.139766 
3.110177 	 0.139723 
3.113318 	 0.139683 
3.116460 	 0.139648 
3.119601 	 0.139617 
3.122743 	 0.139590 
3.125885 	 0.139567 
3.129026 	 0.139549 
3.132168 	 0.139534 
3.135309 	 0.139524 
3.138451 	 0.139518 
3.141593 	 0.139515 
3.144734 	 0.139518 
3.147876 	 0.139524 
3.151017 	 0.139534 
3.154159 	 0.139549 
3.157301 	 0.139567 
3.160442 	 0.139590 
3.163584 	 0.139617 
3.166725 	 0.139648 
3.169867 	 0.139683 
3.173009 	 0.139723 
3.176150 	 0.139766 
3.179292 	 0.139814 
3.182433 	 0.139866 
3.185575 	 0.139922 
3.188717 	 0.139982 
3.191858 	 0.140047 
3.195000 	 0.140115 
3.198141 	 0.140188 
3.201283 	 0.140265 
3.204425 	 0.140346 
3.207566 	 0.140432 
3.210708 	 0.140522 
3.213849 	 0.140616 
3.216991 	 0.140714 
3.220133 	 0.140816 
3.223274 	 0.140923 
3.226416 	 0.141034 
3.229557 	 0.141150 
3.232699 	 0.141269 
3.235841 	 0.141393 
3.238982 	 0.141522 
3.242124 	 0.141654 
3.245265 	 0.141792 
3.248407 	 0.141933 
3.251549 	 0.142079 
3.254690 	 0.142229 
3.257832 	 0.142384 
3.260973 	 0.142543 
3.264115 	 0.142707 
3.267256 	 0.142875 
3.270398 	 0.143048 
3.273540 	 0.143225 
3.276681 	 0.143407 
3.279823 	 0.143593 
3.282964 	 0.143784 
3.286106 	 0.143980 
3.289248 	 0.144180 
3.292389 	 0.144385 
3.295531 	 0.144595 
3.298672 	 0.144809 
3.301814 	 0.145028 
3.304955 	 0.145251 
3.308097 	 0.145480 
3.311239 	 0.145713 
3.314380 	 0.145951 
3.317522 	 0.146194 
3.320663 	 0.146442 
3.323805 	 0.146695 
3.326947 	 0.146953 
3.330088 	 0.147216 
3.333230 	 0.147483 
3.336371 	 0.147756 
3.339513 	 0.148034 
3.342655 	 0.148317 
3.345796 	 0.148605 
3.348938 	 0.148898 
3.352079 	 0.149197 
3.355221 	 0.149500 
3.358363 	 0.149809 
3.361504 	 0.150123 
3.364646 	 0.150443 
3.367787 	 0.150768 
3.370929 	 0.151098 
3.374071 	 0.151434 
3.377212 	 0.151776 
3.380354 	 0.152123 
3.383495 	 0.152475 
3.386637 	 0.152833 
3.389779 	 0.153197 
3.392920 	 0.153567 
3.396062 	 0.153942 
3.399203 	 0.154323 
3.402345 	 0.154710 
3.405487 	 0.155103 
3.408628 	 0.155501 
3.411770 	 0.155906 
3.414911 	 0.156317 
3.418053 	 0.156734 
3.421195 	 0.157157 
3.424336 	 0.157586 
3.427478 	 0.158022 
3.430619 	 0.158464 
3.433761 	 0.158912 
3.436903 	 0.159367 
3.440044 	 0.159828 
3.443186 	 0.160296 
3.446327 	 0.160770 
3.449469 	 0.161251 
3.452610 	 0.161739 
3.455752 	 0.162233 
3.458894 	 0.162734 
3.462035 	 0.163243 
3.465177 	 0.163758 
3.468318 	 0.164280 
3.471460 	 0.164810 
3.474602 	 0.165346 
3.477743 	 0.165890 
3.480885 	 0.166441 
3.484026 	 0.167000 
3.487168 	 0.167566 
3.490309 	 0.168140 
3.493451 	 0.168721 
3.496593 	 0.169310 
3.499734 	 0.169907 
3.502876 	 0.170511 
3.506017 	 0.171124 
3.509159 	 0.171744 
3.512301 	 0.172373 
3.515442 	 0.173010 
3.518584 	 0.173656 
3.521725 	 0.174309 
3.524867 	 0.174971 
3.528009 	 0.175642 
3.531150 	 0.176322 
3.534292 	 0.177010 
3.537433 	 0.177707 
3.540575 	 0.178413 
3.543717 	 0.179128 
3.546858 	 0.179852 
3.550000 	 0.180586 
3.553141 	 0.181329 
3.556283 	 0.182081 
3.559425 	 0.182843 
3.562566 	 0.183615 
3.565708 	 0.184397 
3.568849 	 0.185188 
3.571991 	 0.185990 
3.575133 	 0.186802 
3.578274 	 0.187624 
3.581416 	 0.188456 
3.584557 	 0.189300 
3.587699 	 0.190153 
3.590841 	 0.191018 
3.593982 	 0.191894 
3.597124 	 0.192780 
3.600265 	 0.193678 
3.603407 	 0.194587 
3.606549 	 0.195508 
3.609690 	 0.196441 
3.612832 	 0.197385 
3.615973 	 0.198341 
3.619115 	 0.199310 
3.622257 	 0.200290 
3.625398 	 0.201283 
3.628540 	 0.202289 
3.631681 	 0.203307 
3.634823 	 0.204339 
3.637964 	 0.205383 
3.641106 	 0.206441 
3.644248 	 0.207512 
3.647389 	 0.208597 
3.650531 	 0.209696 
3.653672 	 0.210808 
3.656814 	 0.211935 
3.659956 	 0.213076 
3.663097 	 0.214232 
3.666239 	 0.215403 
3.669380 	 0.216588 
3.672522 	 0.217789 
3.675663 	 0.219005 
3.678805 	 0.220237 
3.681947 	 0.221484 
3.685088 	 0.222748 
3.688230 	 0.224028 
3.691371 	 0.225325 
3.694513 	 0.226638 
3.697655 	 0.227968 
3.700796 	 0.229316 
3.703938 	 0.230681 
3.707079 	 0.232064 
3.710221 	 0.233465 
3.713363 	 0.234884 
3.716504 	 0.236322 
3.719646 	 0.237779 
3.722787 	 0.239254 
3.725929 	 0.240750 
3.729071 	 0.242264 
3.732212 	 0.243799 
3.735354 	 0.245354 
3.738495 	 0.246930 
3.741637 	 0.248527 
3.744779 	 0.250145 
3.747920 	 0.251784 
3.751062 	 0.253446 
3.754203 	 0.255129 
3.757345 	 0.256836 
3.760487 	 0.258565 
3.763628 	 0.260318 
3.766770 	 0.262094 
3.769911 	 0.263894 
3.773053 	 0.265719 
3.776194 	 0.267568 
3.779336 	 0.269443 
3.782478 	 0.271344 
3.785619 	 0.273270 
3.788761 	 0.275223 
3.791902 	 0.277203 
3.795044 	 0.279211 
3.798186 	 0.281246 
3.801327 	 0.283309 
3.804469 	 0.285402 
3.807610 	 0.287523 
3.810752 	 0.289674 
3.813894 	 0.291855 
3.817035 	 0.294068 
3.820177 	 0.296311 
3.823318 	 0.298586 
3.826460 	 0.300893 
3.829602 	 0.303234 
3.832743 	 0.305608 
3.835885 	 0.308016 
3.839026 	 0.310458 
3.842168 	 0.312936 
3.845309 	 0.315449 
3.848451 	 0.317999 
3.851593 	 0.320587 
3.854734 	 0.323211 
3.857876 	 0.325875 
3.861017 	 0.328577 
3.864159 	 0.331320 
3.867301 	 0.334103 
3.870442 	 0.336927 
3.873584 	 0.339794 
3.876725 	 0.342703 
3.879867 	 0.345656 
3.883009 	 0.348654 
3.886150 	 0.351696 
3.889292 	 0.354785 
3.892433 	 0.357921 
3.895575 	 0.361104 
3.898716 	 0.364336 
3.901858 	 0.367619 
3.905000 	 0.370951 
3.908141 	 0.374336 
3.911283 	 0.377773 
3.914424 	 0.381263 
3.917566 	 0.384808 
3.920708 	 0.388409 
3.923849 	 0.392067 
3.926991 	 0.395782 
3.930132 	 0.399557 
3.933274 	 0.403392 
3.936416 	 0.407288 
3.939557 	 0.411247 
3.942699 	 0.415270 
3.945840 	 0.419358 
3.948982 	 0.423513 
3.952124 	 0.427735 
3.955265 	 0.432027 
3.958407 	 0.436390 
3.961548 	 0.440824 
3.964690 	 0.445332 
3.967832 	 0.449916 
3.970973 	 0.454576 
3.974115 	 0.459314 
3.977256 	 0.464133 
3.980398 	 0.469033 
3.983540 	 0.474017 
3.986681 	 0.479086 
3.989823 	 0.484242 
3.992964 	 0.489486 
3.996106 	 0.494822 
3.999248 	 0.500251 
4.002389 	 0.505774 
4.005531 	 0.511395 
4.008672 	 0.517114 
4.011814 	 0.522936 
4.014956 	 0.528860 
4.018097 	 0.534890 
4.021239 	 0.541030 
4.024380 	 0.547279 
4.027522 	 0.553642 
4.030663 	 0.560121 
4.033805 	 0.566717 
4.036947 	 0.573436 
4.040088 	 0.580279 
4.043230 	 0.587249 
4.046371 	 0.594348 
4.049513 	 0.601580 
4.052655 	 0.608949 
4.055796 	 0.616457 
4.058938 	 0.624109 
4.062079 	 0.631906 
4.065221 	 0.639852 
4.068363 	 0.647953 
4.071504 	 0.656210 
4.074646 	 0.664629 
4.077787 	 0.673211 
4.080929 	 0.681963 
4.084071 	 0.690889 
4.087212 	 0.699992 
4.090353 	 0.709277 
4.093495 	 0.718750 
4.096637 	 0.728412 
4.099779 	 0.738273 
4.102920 	 0.748333 
4.106061 	 0.758600 
4.109203 	 0.769081 
4.112345 	 0.779778 
4.115487 	 0.790699 
4.118628 	 0.801848 
4.121769 	 0.813233 
4.124911 	 0.824860 
4.128053 	 0.836734 
4.131195 	 0.848865 
4.134336 	 0.861255 
4.137477 	 0.873915 
4.140619 	 0.886853 
4.143761 	 0.900072 
4.146903 	 0.913586 
4.150044 	 0.927398 
4.153185 	 0.941518 
4.156327 	 0.955958 
4.159469 	 0.970722 
4.162611 	 0.985823 
4.165752 	 1.001268 
4.168893 	 1.017069 
4.172035 	 1.033237 
4.175177 	 1.049780 
4.178319 	 1.066713 
4.181460 	 1.084043 
4.184601 	 1.101784 
4.187743 	 1.119951 
4.190885 	 1.138552 
4.194026 	 1.157605 
4.197168 	 1.177120 
4.200309 	 1.197112 
4.203451 	 1.217600 
4.206593 	 1.238593 
4.209734 	 1.260114 
4.212876 	 1.282173 
4.216017 	 1.304789 
4.219159 	 1.327986 
4.222301 	 1.351773 
4.225442 	 1.376179 
4.228584 	 1.401214 
4.231725 	 1.426906 
4.234867 	 1.453279 
4.238008 	 1.480347 
4.241150 	 1.508142 
4.244292 	 1.536682 
4.247433 	 1.565995 
4.250575 	 1.596112 
4.253716 	 1.627053 
4.256858 	 1.658856 
4.260000 	 1.691541 
4.263141 	 1.725144 
4.266283 	 1.759704 
4.269424 	 1.795245 
4.272566 	 1.831812 
4.275708 	 1.869432 
4.278849 	 1.908150 
4.281991 	 1.948012 
4.285132 	 1.989048 
4.288274 	 2.031317 
4.291416 	 2.074851 
4.294557 	 2.119705 
4.297699 	 2.165938 
4.300840 	 2.213588 
4.303982 	 2.262727 
4.307124 	 2.313397 
4.310265 	 2.365668 
4.313407 	 2.419611 
4.316548 	 2.475278 
4.319690 	 2.532757 
4.322832 	 2.592104 
4.325973 	 2.653406 
4.329115 	 2.716755 
4.332256 	 2.782218 
4.335398 	 2.849894 
4.338540 	 2.919889 
4.341681 	 2.992283 
4.344823 	 3.067203 
4.347964 	 3.144737 
4.351106 	 3.225014 
4.354248 	 3.308170 
4.357389 	 3.394310 
4.360531 	 3.483597 
4.363672 	 3.576149 
4.366814 	 3.672134 
4.369956 	 3.771727 
4.373097 	 3.875071 
4.376239 	 3.982379 
4.379380 	 4.093808 
4.382522 	 4.209580 
4.385664 	 4.329926 
4.388805 	 4.455041 
4.391947 	 4.585204 
4.395088 	 4.720631 
4.398230 	 4.861617 
4.401371 	 5.008474 
4.404513 	 5.161467 
4.407655 	 5.320971 
4.410796 	 5.487290 
4.413938 	 5.660819 
4.417079 	 5.841984 
4.420221 	 6.031156 
4.423363 	 6.228847 
4.426504 	 6.435483 
4.429646 	 6.651612 
4.432787 	 6.877823 
4.435929 	 7.114647 
4.439071 	 7.362790 
4.442212 	 7.622864 
4.445354 	 7.895643 
4.448495 	 8.181964 
4.451637 	 8.482591 
4.454779 	 8.798529 
4.457920 	 9.130673 
4.461061 	 9.480141 
4.464203 	 9.848135 
4.467345 	 10.235797 
4.470487 	 10.644590 
4.473628 	 11.075850 
4.476769 	 11.531226 
4.479911 	 12.012509 
4.483053 	 12.521425 
4.486195 	 13.060172 
4.489336 	 13.630795 
4.492477 	 14.235804 
4.495619 	 14.877935 
4.498761 	 15.559890 
4.501903 	 16.285044 
4.505044 	 17.056654 
4.508185 	 17.878635 
4.511327 	 18.755333 
4.514469 	 19.691093 
4.517611 	 20.691298 
4.520752 	 21.761290 
4.523893 	 22.907434 
4.527035 	 24.136829 
4.530177 	 25.456768 
4.533319 	 26.876175 
4.536460 	 28.404104 
4.539601 	 30.051331 
4.542743 	 31.829966 
4.545885 	 33.752678 
4.549026 	 35.834869 
4.552168 	 38.092548 
4.555309 	 40.544682 
4.558451 	 43.212746 
4.561593 	 46.119625 
4.564734 	 49.292942 
4.567876 	 52.761925 
4.571017 	 56.561127 
4.574159 	 60.729733 
4.577301 	 65.309998 
4.580442 	 70.351563 
4.583584 	 75.910538 
4.586725 	 82.047211 
4.589867 	 88.832649 
4.593009 	 96.341476 
4.596150 	 104.658775 
4.599292 	 113.877068 
4.602433 	 124.089912 
4.605575 	 135.399506 
4.608716 	 147.899658 
4.611858 	 161.680344 
4.615000 	 176.813721 
4.618141 	 193.333054 
4.621283 	 211.232773 
4.624424 	 230.430908 
4.627566 	 250.770172 
4.630708 	 272.000793 
4.633849 	 293.772491 
4.636991 	 315.678131 
4.640132 	 337.269287 
4.643274 	 358.137421 
4.646416 	 377.963013 
4.649557 	 396.555634 
4.652699 	 413.896637 
4.655840 	 430.109131 
4.658982 	 445.446838 
4.662124 	 460.243652 
4.665265 	 474.863525 
4.668407 	 489.679962 
4.671548 	 505.029419 
4.674690 	 521.205444 
4.677832 	 538.435059 
4.680973 	 556.850281 
4.684115 	 576.483154 
4.687256 	 597.212402 
4.690398 	 618.745178 
4.693540 	 640.567749 
4.696681 	 661.903015 
4.699823 	 681.728882 
4.702964 	 698.803101 
4.706106 	 711.810974 
4.709248 	 719.555359 
4.712389 	 721.192871 
4.715531 	 716.435974 
4.718672 	 705.623901 
4.721814 	 689.636475 
4.724956 	 669.691162 
4.728097 	 647.115845 
4.731239 	 623.128174 
4.734380 	 598.740601 
4.737522 	 574.692444 
4.740664 	 551.469604 
4.743805 	 529.352966 
4.746947 	 508.438873 
4.750088 	 488.708862 
4.753230 	 470.042603 
4.756371 	 452.256439 
4.759513 	 435.133575 
4.762655 	 418.425842 
4.765796 	 401.893280 
4.768938 	 385.306152 
4.772079 	 368.472992 
4.775221 	 351.267548 
4.778363 	 333.626740 
4.781504 	 315.579987 
4.784646 	 297.228119 
4.787787 	 278.737854 
4.790929 	 260.328156 
4.794071 	 242.223373 
4.797212 	 224.649582 
4.800354 	 207.794830 
4.803495 	 191.805283 
4.806637 	 176.787552 
4.809779 	 162.793610 
4.812920 	 149.845337 
4.816061 	 137.926865 
4.819203 	 126.999947 
4.822345 	 117.015762 
4.825486 	 107.911049 
4.828628 	 99.618553 
4.831769 	 92.073799 
4.834911 	 85.208855 
4.838053 	 78.963310 
4.841194 	 73.277557 
4.844336 	 68.096748 
4.847477 	 63.373016 
4.850619 	 59.059998 
4.853761 	 55.118408 
4.856902 	 51.511040 
4.860044 	 48.204674 
4.863185 	 45.170898 
4.866327 	 42.382511 
4.869469 	 39.816830 
4.872610 	 37.452396 
4.875752 	 35.270065 
4.878893 	 33.253639 
4.882035 	 31.387430 
4.885177 	 29.658447 
4.888318 	 28.054274 
4.891460 	 26.563774 
4.894601 	 25.177582 
4.897743 	 23.886435 
4.900885 	 22.682751 
4.904026 	 21.559134 
4.907168 	 20.508911 
4.910309 	 19.526516 
4.913451 	 18.606302 
4.916593 	 17.743706 
4.919734 	 16.934170 
4.922876 	 16.173571 
4.926017 	 15.458482 
4.929159 	 14.785355 
4.932301 	 14.151338 
4.935442 	 13.553543 
4.938584 	 12.989335 
4.941725 	 12.456538 
4.944867 	 11.952849 
4.948009 	 11.476439 
4.951150 	 11.025417 
4.954292 	 10.598042 
4.957433 	 10.192906 
4.960575 	 9.808457 
4.963717 	 9.443500 
4.966858 	 9.096752 
4.970000 	 8.767044 
4.973141 	 8.453427 
4.976283 	 8.154840 
4.979424 	 7.870475 
4.982566 	 7.599446 
4.985708 	 7.340946 
4.988849 	 7.094322 
4.991991 	 6.858829 
4.995132 	 6.633913 
4.998274 	 6.418944 
5.001416 	 6.213349 
5.004557 	 6.016681 
5.007699 	 5.828397 
5.010840 	 5.648109 
5.013982 	 5.475368 
5.017124 	 5.309757 
5.020265 	 5.150956 
5.023407 	 4.998569 
5.026548 	 4.852322 
5.029690 	 4.711882 
5.032832 	 4.576942 
5.035973 	 4.447274 
5.039115 	 4.322583 
5.042256 	 4.202668 
5.045398 	 4.087281 
5.048540 	 3.976196 
5.051681 	 3.869242 
5.054823 	 3.766198 
5.057964 	 3.666915 
5.061106 	 3.571208 
5.064248 	 3.478901 
5.067389 	 3.389872 
5.070531 	 3.303949 
5.073672 	 3.221021 
5.076814 	 3.140946 
5.079956 	 3.063591 
5.083097 	 2.988862 
5.086238 	 2.916636 
5.089380 	 2.846800 
5.092522 	 2.779274 
5.095664 	 2.713943 
5.098805 	 2.650737 
5.101946 	 2.589561 
5.105088 	 2.530324 
5.108230 	 2.472966 
5.111372 	 2.417397 
5.114513 	 2.363562 
5.117654 	 2.311387 
5.120796 	 2.260799 
5.123938 	 2.211753 
5.127079 	 2.164177 
5.130221 	 2.118028 
5.133362 	 2.073246 
5.136504 	 2.029775 
5.139646 	 1.987578 
5.142787 	 1.946598 
5.145929 	 1.906801 
5.149070 	 1.868140 
5.152212 	 1.830567 
5.155354 	 1.794057 
5.158495 	 1.758560 
5.161637 	 1.724051 
5.164778 	 1.690492 
5.167920 	 1.657843 
5.171062 	 1.626085 
5.174203 	 1.595178 
5.177345 	 1.565101 
5.180486 	 1.535823 
5.183628 	 1.507312 
5.186769 	 1.479552 
5.189911 	 1.452509 
5.193053 	 1.426170 
5.196194 	 1.400506 
5.199336 	 1.375492 
5.202477 	 1.351116 
5.205619 	 1.327349 
5.208761 	 1.304179 
5.211902 	 1.281584 
5.215044 	 1.259543 
5.218185 	 1.238046 
5.221327 	 1.217069 
5.224469 	 1.196602 
5.227610 	 1.176628 
5.230752 	 1.157127 
5.233893 	 1.138093 
5.237035 	 1.119505 
5.240177 	 1.101356 
5.243318 	 1.083629 
5.246460 	 1.066311 
5.249601 	 1.049393 
5.252743 	 1.032861 
5.255885 	 1.016707 
5.259026 	 1.000919 
5.262168 	 0.985483 
5.265309 	 0.970394 
5.268451 	 0.955638 
5.271593 	 0.941211 
5.274734 	 0.927100 
5.277876 	 0.913296 
5.281017 	 0.899793 
5.284159 	 0.886580 
5.287301 	 0.873653 
5.290442 	 0.861001 
5.293584 	 0.848617 
5.296725 	 0.836495 
5.299867 	 0.824627 
5.303009 	 0.813008 
5.306150 	 0.801630 
5.309292 	 0.790486 
5.312433 	 0.779572 
5.315575 	 0.768880 
5.318717 	 0.758406 
5.321858 	 0.748145 
5.325000 	 0.738088 
5.328141 	 0.728234 
5.331283 	 0.718577 
5.334424 	 0.709109 
5.337566 	 0.699829 
5.340708 	 0.690729 
5.343849 	 0.681809 
5.346991 	 0.673061 
5.350132 	 0.664481 
5.353274 	 0.656067 
5.356416 	 0.647813 
5.359557 	 0.639717 
5.362699 	 0.631774 
5.365840 	 0.623980 
5.368982 	 0.616333 
5.372124 	 0.608827 
5.375265 	 0.601462 
5.378407 	 0.594233 
5.381548 	 0.587136 
5.384690 	 0.580169 
5.387832 	 0.573329 
5.390973 	 0.566614 
5.394114 	 0.560019 
5.397256 	 0.553543 
5.400398 	 0.547183 
5.403540 	 0.540935 
5.406681 	 0.534799 
5.409822 	 0.528771 
5.412964 	 0.522848 
5.416106 	 0.517030 
5.419248 	 0.511311 
5.422389 	 0.505693 
5.425530 	 0.500172 
5.428672 	 0.494745 
5.431814 	 0.489411 
5.434956 	 0.484167 
5.438097 	 0.479013 
5.441238 	 0.473946 
5.444380 	 0.468964 
5.447522 	 0.464066 
5.450664 	 0.459248 
5.453805 	 0.454511 
5.456946 	 0.449853 
5.460088 	 0.445271 
5.463230 	 0.440764 
5.466372 	 0.436330 
5.469513 	 0.431969 
5.472654 	 0.427679 
5.475796 	 0.423458 
5.478938 	 0.419304 
5.482080 	 0.415217 
5.485221 	 0.411196 
5.488362 	 0.407238 
5.491504 	 0.403342 
5.494646 	 0.399509 
5.497787 	 0.395735 
5.500929 	 0.392020 
5.504070 	 0.388364 
5.507212 	 0.384764 
5.510354 	 0.381220 
5.513495 	 0.377730 
5.516637 	 0.374294 
5.519778 	 0.370911 
5.522920 	 0.367578 
5.526062 	 0.364297 
5.529203 	 0.361065 
5.532345 	 0.357883 
5.535486 	 0.354748 
5.538628 	 0.351660 
5.541770 	 0.348618 
5.544911 	 0.345621 
5.548053 	 0.342669 
5.551194 	 0.339760 
5.554336 	 0.336894 
5.557477 	 0.334071 
5.560619 	 0.331288 
5.563761 	 0.328546 
5.566902 	 0.325844 
5.570044 	 0.323181 
5.573185 	 0.320557 
5.576327 	 0.317970 
5.579469 	 0.315421 
5.582610 	 0.312908 
5.585752 	 0.310430 
5.588893 	 0.307989 
5.592035 	 0.305581 
5.595177 	 0.303208 
5.598318 	 0.300868 
5.601460 	 0.298561 
5.604601 	 0.296286 
5.607743 	 0.294044 
5.610885 	 0.291832 
5.614026 	 0.289651 
5.617168 	 0.287500 
5.620309 	 0.285379 
5.623451 	 0.283287 
5.626593 	 0.281224 
5.629734 	 0.279189 
5.632876 	 0.277182 
5.636017 	 0.275203 
5.639159 	 0.273250 
5.642301 	 0.271324 
5.645442 	 0.269424 
5.648584 	 0.267549 
5.651725 	 0.265700 
5.654867 	 0.263875 
5.658009 	 0.262075 
5.661150 	 0.260299 
5.664292 	 0.258547 
5.667433 	 0.256818 
5.670575 	 0.255112 
5.673717 	 0.253429 
5.676858 	 0.251767 
5.680000 	 0.250128 
5.683141 	 0.248510 
5.686283 	 0.246914 
5.689425 	 0.245338 
5.692566 	 0.243784 
5.695708 	 0.242249 
5.698849 	 0.240734 
5.701991 	 0.239239 
5.705132 	 0.237764 
5.708274 	 0.236307 
5.711416 	 0.234870 
5.714557 	 0.233451 
5.717699 	 0.232050 
5.720840 	 0.230667 
5.723982 	 0.229303 
5.727124 	 0.227955 
5.730265 	 0.226625 
5.733407 	 0.225312 
5.736548 	 0.224015 
5.739690 	 0.222736 
5.742832 	 0.221472 
5.745973 	 0.220225 
5.749115 	 0.218993 
5.752256 	 0.217777 
5.755398 	 0.216576 
5.758540 	 0.215391 
5.761681 	 0.214220 
5.764822 	 0.213065 
5.767964 	 0.211924 
5.771106 	 0.210797 
5.774248 	 0.209685 
5.777389 	 0.208586 
5.780530 	 0.207501 
5.783672 	 0.206430 
5.786814 	 0.205373 
5.789956 	 0.204328 
5.793097 	 0.203297 
5.796238 	 0.202279 
5.799380 	 0.201273 
5.802522 	 0.200281 
5.805664 	 0.199300 
5.808805 	 0.198332 
5.811946 	 0.197376 
5.815088 	 0.196431 
5.818230 	 0.195499 
5.821371 	 0.194578 
5.824513 	 0.193669 
5.827654 	 0.192771 
5.830796 	 0.191885 
5.833938 	 0.191009 
5.837079 	 0.190145 
5.840221 	 0.189291 
5.843362 	 0.188448 
5.846504 	 0.187615 
5.849646 	 0.186793 
5.852787 	 0.185982 
5.855929 	 0.185180 
5.859070 	 0.184389 
5.862212 	 0.183607 
5.865354 	 0.182836 
5.868495 	 0.182074 
5.871637 	 0.181321 
5.874778 	 0.180578 
5.877920 	 0.179845 
5.881062 	 0.179121 
5.884203 	 0.178406 
5.887345 	 0.177700 
5.890486 	 0.177003 
5.893628 	 0.176314 
5.896770 	 0.175635 
5.899911 	 0.174964 
5.903053 	 0.174302 
5.906194 	 0.173649 
5.909336 	 0.173003 
5.912477 	 0.172366 
5.915619 	 0.171738 
5.918761 	 0.171117 
5.921902 	 0.170505 
5.925044 	 0.169900 
5.928185 	 0.169303 
5.931327 	 0.168714 
5.934469 	 0.168133 
5.937610 	 0.167560 
5.940752 	 0.166994 
5.943893 	 0.166435 
5.947035 	 0.165884 
5.950177 	 0.165340 
5.953318 	 0.164804 
5.956460 	 0.164274 
5.959601 	 0.163752 
5.962743 	 0.163237 
5.965885 	 0.162729 
5.969026 	 0.162227 
5.972168 	 0.161733 
5.975309 	 0.161245 
5.978451 	 0.160764 
5.981593 	 0.160290 
5.984734 	 0.159822 
5.987876 	 0.159361 
5.991017 	 0.158907 
5.994159 	 0.158458 
5.997301 	 0.158017 
6.000442 	 0.157581 
6.003584 	 0.157152 
6.006725 	 0.156729 
6.009867 	 0.156312 
6.013009 	 0.155901 
6.016150 	 0.155496 
6.019292 	 0.155097 
6.022433 	 0.154705 
6.025575 	 0.154318 
6.028717 	 0.153937 
6.031858 	 0.153562 
6.035000 	 0.153192 
6.038141 	 0.152828 
6.041283 	 0.152470 
6.044425 	 0.152118 
6.047566 	 0.151771 
6.050708 	 0.151429 
6.053849 	 0.151094 
6.056991 	 0.150763 
6.060133 	 0.150438 
6.063274 	 0.150119 
6.066415 	 0.149804 
6.069557 	 0.149495 
6.072699 	 0.149192 
6.075840 	 0.148893 
6.078982 	 0.148600 
6.082123 	 0.148312 
6.085265 	 0.148029 
6.088407 	 0.147751 
6.091548 	 0.147479 
6.094690 	 0.147211 
6.097831 	 0.146948 
6.100973 	 0.146691 
6.104115 	 0.146438 
6.107256 	 0.146190 
6.110398 	 0.145947 
6.113539 	 0.145709 
6.116681 	 0.145476 
6.119823 	 0.145247 
6.122964 	 0.145023 
6.126106 	 0.144804 
6.129247 	 0.144590 
6.132389 	 0.144381 
6.135530 	 0.144176 
6.138672 	 0.143976 
6.141814 	 0.143780 
6.144955 	 0.143589 
6.148097 	 0.143403 
6.151238 	 0.143221 
6.154380 	 0.143044 
6.157522 	 0.142871 
6.160663 	 0.142703 
6.163805 	 0.142539 
6.166946 	 0.142380 
6.170088 	 0.142225 
6.173230 	 0.142075 
6.176371 	 0.141929 
6.179513 	 0.141788 
6.182654 	 0.141650 
6.185796 	 0.141518 
6.188938 	 0.141389 
6.192079 	 0.141265 
6.195221 	 0.141146 
6.198362 	 0.141030 
6.201504 	 0.140919 
6.204646 	 0.140812 
6.207787 	 0.140710 
6.210929 	 0.140612 
6.214070 	 0.140518 
6.217212 	 0.140428 
6.220354 	 0.140342 
6.223495 	 0.140261 
6.226637 	 0.140184 
6.229778 	 0.140111 
6.232920 	 0.140043 
6.236062 	 0.139978 
6.239203 	 0.139918 
6.242345 	 0.139862 
6.245486 	 0.139810 
6.248628 	 0.139762 
6.251770 	 0.139719 
6.254911 	 0.139679 
6.258053 	 0.139644 
6.261194 	 0.139613 
6.264336 	 0.139586 
6.267478 	 0.139563 
6.270619 	 0.139545 
6.273761 	 0.139530 
6.276902 	 0.139520 
6.280044 	 0.139514 
6.283185 	 0.139512 
