0.000000 	 0.000000 
0.003142 	 0.009087 
0.006283 	 0.018173 
0.009425 	 0.027260 
0.012566 	 0.036347 
0.015708 	 0.045434 
0.018850 	 0.054520 
0.021991 	 0.063607 
0.025133 	 0.072693 
0.028274 	 0.081780 
0.031416 	 0.090866 
0.034558 	 0.099953 
0.037699 	 0.109039 
0.040841 	 0.118125 
0.043982 	 0.127211 
0.047124 	 0.136297 
0.050265 	 0.145383 
0.053407 	 0.154469 
0.056549 	 0.163555 
0.059690 	 0.172641 
0.062832 	 0.181726 
0.065973 	 0.190811 
0.069115 	 0.199896 
0.072257 	 0.208982 
0.075398 	 0.218066 
0.078540 	 0.227151 
0.081681 	 0.236236 
0.084823 	 0.245320 
0.087965 	 0.254404 
0.091106 	 0.263488 
0.094248 	 0.272572 
0.097389 	 0.281656 
0.100531 	 0.290739 
0.103673 	 0.299822 
0.106814 	 0.308905 
0.109956 	 0.317988 
0.113097 	 0.327070 
0.116239 	 0.336152 
0.119381 	 0.345234 
0.122522 	 0.354316 
0.125664 	 0.363397 
0.128805 	 0.372479 
0.131947 	 0.381560 
0.135088 	 0.390640 
0.138230 	 0.399720 
0.141372 	 0.408800 
0.144513 	 0.417880 
0.147655 	 0.426959 
0.150796 	 0.436038 
0.153938 	 0.445117 
0.157080 	 0.454195 
0.160221 	 0.463273 
0.163363 	 0.472351 
0.166504 	 0.481428 
0.169646 	 0.490505 
0.172788 	 0.499581 
0.175929 	 0.508657 
0.179071 	 0.517733 
0.182212 	 0.526809 
0.185354 	 0.535883 
0.188496 	 0.544958 
0.191637 	 0.554032 
0.194779 	 0.563106 
0.197920 	 0.572179 
0.201062 	 0.581251 
0.204204 	 0.590324 
0.207345 	 0.599396 
0.210487 	 0.608467 
0.213628 	 0.617538 
0.216770 	 0.626608 
0.219911 	 0.635678 
0.223053 	 0.644747 
0.226195 	 0.653816 
0.229336 	 0.662884 
0.232478 	 0.671952 
0.235619 	 0.681020 
0.238761 	 0.690086 
0.241903 	 0.699152 
0.245044 	 0.708218 
0.248186 	 0.717283 
0.251327 	 0.726347 
0.254469 	 0.735411 
0.257611 	 0.744475 
0.260752 	 0.753537 
0.263894 	 0.762599 
0.267035 	 0.771661 
0.270177 	 0.780721 
0.273319 	 0.789781 
0.276460 	 0.798841 
0.279602 	 0.807900 
0.282743 	 0.816958 
0.285885 	 0.826015 
0.289027 	 0.835072 
0.292168 	 0.844128 
0.295310 	 0.853183 
0.298451 	 0.862238 
0.301593 	 0.871292 
0.304734 	 0.880345 
0.307876 	 0.889398 
0.311018 	 0.898449 
0.314159 	 0.907500 
0.317301 	 0.916550 
0.320442 	 0.925600 
0.323584 	 0.934648 
0.326726 	 0.943696 
0.329867 	 0.952743 
0.333009 	 0.961789 
0.336150 	 0.970834 
0.339292 	 0.979878 
0.342434 	 0.988922 
0.345575 	 0.997965 
0.348717 	 1.007007 
0.351858 	 1.016047 
0.355000 	 1.025087 
0.358142 	 1.034127 
0.361283 	 1.043165 
0.364425 	 1.052202 
0.367566 	 1.061238 
0.370708 	 1.070274 
0.373850 	 1.079308 
0.376991 	 1.088342 
0.380133 	 1.097374 
0.383274 	 1.106405 
0.386416 	 1.115436 
0.389558 	 1.124465 
0.392699 	 1.133493 
0.395841 	 1.142521 
0.398982 	 1.151547 
0.402124 	 1.160572 
0.405265 	 1.169596 
0.408407 	 1.178619 
0.411549 	 1.187641 
0.414690 	 1.196662 
0.417832 	 1.205681 
0.420973 	 1.214700 
0.424115 	 1.223717 
0.427257 	 1.232733 
0.430398 	 1.241748 
0.433540 	 1.250762 
0.436681 	 1.259774 
0.439823 	 1.268786 
0.442965 	 1.277796 
0.446106 	 1.286804 
0.449248 	 1.295812 
0.452389 	 1.304818 
0.455531 	 1.313823 
0.458673 	 1.322826 
0.461814 	 1.331829 
0.464956 	 1.340830 
0.468097 	 1.349829 
0.471239 	 1.358827 
0.474380 	 1.367824 
0.477522 	 1.376819 
0.480664 	 1.385813 
0.483805 	 1.394806 
0.486947 	 1.403797 
0.490088 	 1.412787 
0.493230 	 1.421775 
0.496372 	 1.430761 
0.499513 	 1.439746 
0.502655 	 1.448730 
0.505796 	 1.457712 
0.508938 	 1.466692 
0.512080 	 1.475671 
0.515221 	 1.484648 
0.518363 	 1.493624 
0.521504 	 1.502598 
0.524646 	 1.511570 
0.527788 	 1.520541 
0.530929 	 1.529510 
0.534071 	 1.538477 
0.537212 	 1.547443 
0.540354 	 1.556406 
0.543496 	 1.565368 
0.546637 	 -1.567264 
0.549779 	 -1.558306 
0.552920 	 -1.549349 
0.556062 	 -1.540395 
0.559204 	 -1.531442 
0.562345 	 -1.522491 
0.565487 	 -1.513542 
0.568628 	 -1.504595 
0.571770 	 -1.495650 
0.574911 	 -1.486707 
0.578053 	 -1.477765 
0.581195 	 -1.468826 
0.584336 	 -1.459889 
0.587478 	 -1.450954 
0.590619 	 -1.442021 
0.593761 	 -1.433091 
0.596903 	 -1.424162 
0.600044 	 -1.415235 
0.603186 	 -1.406311 
0.606327 	 -1.397389 
0.609469 	 -1.388469 
0.612611 	 -1.379552 
0.615752 	 -1.370636 
0.618894 	 -1.361723 
0.622035 	 -1.352813 
0.625177 	 -1.343905 
0.628319 	 -1.334999 
0.631460 	 -1.326095 
0.634602 	 -1.317194 
0.637743 	 -1.308296 
0.640885 	 -1.299400 
0.644027 	 -1.290506 
0.647168 	 -1.281615 
0.650310 	 -1.272727 
0.653451 	 -1.263841 
0.656593 	 -1.254958 
0.659734 	 -1.246078 
0.662876 	 -1.237200 
0.666018 	 -1.228325 
0.669159 	 -1.219453 
0.672301 	 -1.210584 
0.675442 	 -1.201717 
0.678584 	 -1.192853 
0.681726 	 -1.183993 
0.684867 	 -1.175135 
0.688009 	 -1.166280 
0.691150 	 -1.157428 
0.694292 	 -1.148580 
0.697434 	 -1.139734 
0.700575 	 -1.130891 
0.703717 	 -1.122052 
0.706858 	 -1.113216 
0.710000 	 -1.104383 
0.713142 	 -1.095553 
0.716283 	 -1.086727 
0.719425 	 -1.077904 
0.722566 	 -1.069084 
0.725708 	 -1.060268 
0.728850 	 -1.051456 
0.731991 	 -1.042646 
0.735133 	 -1.033841 
0.738274 	 -1.025039 
0.741416 	 -1.016240 
0.744557 	 -1.007446 
0.747699 	 -0.998654 
0.750841 	 -0.989868 
0.753982 	 -0.981084 
0.757124 	 -0.972305 
0.760265 	 -0.963529 
0.763407 	 -0.954758 
0.766549 	 -0.945990 
0.769690 	 -0.937227 
0.772832 	 -0.928467 
0.775973 	 -0.919712 
0.779115 	 -0.910962 
0.782257 	 -0.902215 
0.785398 	 -0.893473 
0.788540 	 -0.884735 
0.791681 	 -0.876002 
0.794823 	 -0.867273 
0.797965 	 -0.858549 
0.801106 	 -0.849830 
0.804248 	 -0.841115 
0.807389 	 -0.832404 
0.810531 	 -0.823699 
0.813673 	 -0.814999 
0.816814 	 -0.806304 
0.819956 	 -0.797613 
0.823097 	 -0.788928 
0.826239 	 -0.780248 
0.829380 	 -0.771572 
0.832522 	 -0.762903 
0.835664 	 -0.754239 
0.838805 	 -0.745580 
0.841947 	 -0.736927 
0.845088 	 -0.728279 
0.848230 	 -0.719637 
0.851372 	 -0.711001 
0.854513 	 -0.702370 
0.857655 	 -0.693745 
0.860796 	 -0.685127 
0.863938 	 -0.676514 
0.867080 	 -0.667908 
0.870221 	 -0.659308 
0.873363 	 -0.650714 
0.876504 	 -0.642127 
0.879646 	 -0.633546 
0.882788 	 -0.624972 
0.885929 	 -0.616404 
0.889071 	 -0.607844 
0.892212 	 -0.599290 
0.895354 	 -0.590743 
0.898495 	 -0.582204 
0.901637 	 -0.573672 
0.904779 	 -0.565147 
0.907920 	 -0.556629 
0.911062 	 -0.548119 
0.914203 	 -0.539616 
0.917345 	 -0.531122 
0.920487 	 -0.522635 
0.923628 	 -0.514157 
0.926770 	 -0.505686 
0.929911 	 -0.497224 
0.933053 	 -0.488770 
0.936195 	 -0.480324 
0.939336 	 -0.471888 
0.942478 	 -0.463460 
0.945619 	 -0.455041 
0.948761 	 -0.446631 
0.951903 	 -0.438231 
0.955044 	 -0.429840 
0.958186 	 -0.421458 
0.961327 	 -0.413086 
0.964469 	 -0.404724 
0.967611 	 -0.396372 
0.970752 	 -0.388030 
0.973894 	 -0.379699 
0.977035 	 -0.371377 
0.980177 	 -0.363067 
0.983319 	 -0.354767 
0.986460 	 -0.346479 
0.989602 	 -0.338202 
0.992743 	 -0.329936 
0.995885 	 -0.321682 
0.999026 	 -0.313440 
1.002168 	 -0.305209 
1.005310 	 -0.296991 
1.008451 	 -0.288785 
1.011593 	 -0.280593 
1.014735 	 -0.272413 
1.017876 	 -0.264246 
1.021018 	 -0.256093 
1.024159 	 -0.247953 
1.027301 	 -0.239827 
1.030442 	 -0.231715 
1.033584 	 -0.223617 
1.036726 	 -0.215535 
1.039867 	 -0.207467 
1.043009 	 -0.199415 
1.046150 	 -0.191378 
1.049292 	 -0.183356 
1.052434 	 -0.175352 
1.055575 	 -0.167363 
1.058717 	 -0.159391 
1.061858 	 -0.151436 
1.065000 	 -0.143499 
1.068142 	 -0.135579 
1.071283 	 -0.127677 
1.074425 	 -0.119794 
1.077566 	 -0.111929 
1.080708 	 -0.104085 
1.083849 	 -0.096259 
1.086991 	 -0.088454 
1.090133 	 -0.080669 
1.093274 	 -0.072904 
1.096416 	 -0.065162 
1.099557 	 -0.057440 
1.102699 	 -0.049742 
1.105841 	 -0.042066 
1.108982 	 -0.034413 
1.112124 	 -0.026784 
1.115265 	 -0.019178 
1.118407 	 -0.011599 
1.121549 	 -0.004044 
1.124690 	 0.003485 
1.127832 	 0.010987 
1.130973 	 0.018463 
1.134115 	 0.025911 
1.137257 	 0.033330 
1.140398 	 0.040720 
1.143540 	 0.048080 
1.146681 	 0.055411 
1.149823 	 0.062710 
1.152964 	 0.069977 
1.156106 	 0.077211 
1.159248 	 0.084412 
1.162389 	 0.091578 
1.165531 	 0.098709 
1.168672 	 0.105805 
1.171814 	 0.112863 
1.174956 	 0.119883 
1.178097 	 0.126864 
1.181239 	 0.133806 
1.184380 	 0.140706 
1.187522 	 0.147564 
1.190664 	 0.154379 
1.193805 	 0.161149 
1.196947 	 0.167874 
1.200088 	 0.174552 
1.203230 	 0.181182 
1.206372 	 0.187762 
1.209513 	 0.194291 
1.212655 	 0.200767 
1.215796 	 0.207190 
1.218938 	 0.213557 
1.222080 	 0.219867 
1.225221 	 0.226117 
1.228363 	 0.232307 
1.231504 	 0.238435 
1.234646 	 0.244497 
1.237787 	 0.250494 
1.240929 	 0.256421 
1.244071 	 0.262277 
1.247212 	 0.268061 
1.250354 	 0.273768 
1.253495 	 0.279399 
1.256637 	 0.284947 
1.259779 	 0.290412 
1.262920 	 0.295792 
1.266062 	 0.301081 
1.269203 	 0.306278 
1.272345 	 0.311380 
1.275487 	 0.316382 
1.278628 	 0.321281 
1.281770 	 0.326073 
1.284911 	 0.330755 
1.288053 	 0.335322 
1.291195 	 0.339770 
1.294336 	 0.344094 
1.297478 	 0.348288 
1.300619 	 0.352348 
1.303761 	 0.356269 
1.306903 	 0.360045 
1.310044 	 0.363669 
1.313186 	 0.367135 
1.316327 	 0.370437 
1.319469 	 0.373567 
1.322610 	 0.376517 
1.325752 	 0.379279 
1.328894 	 0.381845 
1.332035 	 0.384206 
1.335177 	 0.386351 
1.338318 	 0.388271 
1.341460 	 0.389953 
1.344602 	 0.391387 
1.347743 	 0.392561 
1.350885 	 0.393459 
1.354026 	 0.394069 
1.357168 	 0.394373 
1.360310 	 0.394356 
1.363451 	 0.394000 
1.366593 	 0.393287 
1.369734 	 0.392194 
1.372876 	 0.390699 
1.376018 	 0.388780 
1.379159 	 0.386408 
1.382301 	 0.383558 
1.385442 	 0.380197 
1.388584 	 0.376293 
1.391726 	 0.371809 
1.394867 	 0.366706 
1.398009 	 0.360944 
1.401150 	 0.354471 
1.404292 	 0.347239 
1.407434 	 0.339192 
1.410575 	 0.330268 
1.413717 	 0.320401 
1.416858 	 0.309515 
1.420000 	 0.297528 
1.423141 	 0.284353 
1.426283 	 0.269889 
1.429425 	 0.254029 
1.432566 	 0.236649 
1.435708 	 0.217619 
1.438849 	 0.196795 
1.441991 	 0.174012 
1.445133 	 0.149098 
1.448274 	 0.121858 
1.451416 	 0.092084 
1.454557 	 0.059553 
1.457699 	 0.024021 
1.460841 	 -0.014761 
1.463982 	 -0.057057 
1.467124 	 -0.103126 
1.470265 	 -0.153226 
1.473407 	 -0.207582 
1.476549 	 -0.266382 
1.479690 	 -0.329752 
1.482832 	 -0.397726 
1.485973 	 -0.470230 
1.489115 	 -0.547045 
1.492257 	 -0.627804 
1.495398 	 -0.712001 
1.498540 	 -0.798989 
1.501681 	 -0.888050 
1.504823 	 -0.978418 
1.507964 	 -1.069364 
1.511106 	 -1.160265 
1.514248 	 -1.250631 
1.517389 	 -1.340165 
1.520531 	 -1.428750 
1.523672 	 -1.516475 
1.526814 	 1.537995 
1.529956 	 1.451064 
1.533097 	 1.363767 
1.536239 	 1.275455 
1.539380 	 1.185380 
1.542522 	 1.092751 
1.545664 	 0.996759 
1.548805 	 0.896607 
1.551947 	 0.791617 
1.555088 	 0.681272 
1.558230 	 0.565365 
1.561372 	 0.444091 
1.564513 	 0.318116 
1.567655 	 0.188647 
1.570796 	 0.057304 
1.573938 	 -0.074025 
1.577080 	 -0.203454 
1.580221 	 -0.329374 
1.583363 	 -0.450597 
1.586504 	 -0.566475 
1.589646 	 -0.676843 
1.592788 	 -0.781965 
1.595929 	 -0.882401 
1.599071 	 -0.978903 
1.602212 	 -1.072352 
1.605354 	 -1.163657 
1.608495 	 -1.253743 
1.611637 	 -1.343487 
1.614779 	 -1.433696 
1.617920 	 -1.525084 
1.621062 	 1.523386 
1.624203 	 1.428145 
1.627345 	 1.330650 
1.630487 	 1.231044 
1.633628 	 1.129762 
1.636770 	 1.027558 
1.639911 	 0.925418 
1.643053 	 0.824515 
1.646195 	 0.726046 
1.649336 	 0.631146 
1.652478 	 0.540770 
1.655619 	 0.455617 
1.658761 	 0.376137 
1.661903 	 0.302513 
1.665044 	 0.234736 
1.668186 	 0.172637 
1.671327 	 0.115930 
1.674469 	 0.064279 
1.677611 	 0.017299 
1.680752 	 -0.025388 
1.683894 	 -0.064153 
1.687035 	 -0.099356 
1.690177 	 -0.131322 
1.693318 	 -0.160356 
1.696460 	 -0.186733 
1.699602 	 -0.210697 
1.702743 	 -0.232474 
1.705885 	 -0.252261 
1.709026 	 -0.270239 
1.712168 	 -0.286566 
1.715310 	 -0.301386 
1.718451 	 -0.314827 
1.721593 	 -0.327002 
1.724734 	 -0.338014 
1.727876 	 -0.347956 
1.731018 	 -0.356913 
1.734159 	 -0.364957 
1.737301 	 -0.372156 
1.740442 	 -0.378572 
1.743584 	 -0.384260 
1.746726 	 -0.389273 
1.749867 	 -0.393654 
1.753009 	 -0.397445 
1.756150 	 -0.400685 
1.759292 	 -0.403409 
1.762434 	 -0.405650 
1.765575 	 -0.407436 
1.768717 	 -0.408795 
1.771858 	 -0.409750 
1.775000 	 -0.410326 
1.778141 	 -0.410545 
1.781283 	 -0.410425 
1.784425 	 -0.409986 
1.787566 	 -0.409243 
1.790708 	 -0.408212 
1.793849 	 -0.406909 
1.796991 	 -0.405347 
1.800133 	 -0.403539 
1.803274 	 -0.401496 
1.806416 	 -0.399229 
1.809557 	 -0.396751 
1.812699 	 -0.394069 
1.815841 	 -0.391194 
1.818982 	 -0.388134 
1.822124 	 -0.384895 
1.825265 	 -0.381489 
1.828407 	 -0.377919 
1.831549 	 -0.374195 
1.834690 	 -0.370321 
1.837832 	 -0.366304 
1.840973 	 -0.362151 
1.844115 	 -0.357866 
1.847257 	 -0.353454 
1.850398 	 -0.348920 
1.853540 	 -0.344268 
1.856681 	 -0.339505 
1.859823 	 -0.334632 
1.862965 	 -0.329655 
1.866106 	 -0.324577 
1.869248 	 -0.319402 
1.872389 	 -0.314132 
1.875531 	 -0.308771 
1.878672 	 -0.303324 
1.881814 	 -0.297791 
1.884956 	 -0.292178 
1.888097 	 -0.286483 
1.891239 	 -0.280713 
1.894380 	 -0.274870 
1.897522 	 -0.268954 
1.900664 	 -0.262969 
1.903805 	 -0.256915 
1.906947 	 -0.250798 
1.910088 	 -0.244617 
1.913230 	 -0.238375 
1.916372 	 -0.232073 
1.919513 	 -0.225712 
1.922655 	 -0.219297 
1.925796 	 -0.212827 
1.928938 	 -0.206304 
1.932080 	 -0.199729 
1.935221 	 -0.193104 
1.938363 	 -0.186431 
1.941504 	 -0.179711 
1.944646 	 -0.172944 
1.947788 	 -0.166134 
1.950929 	 -0.159279 
1.954071 	 -0.152381 
1.957212 	 -0.145443 
1.960354 	 -0.138465 
1.963495 	 -0.131447 
1.966637 	 -0.124391 
1.969779 	 -0.117298 
1.972920 	 -0.110169 
1.976062 	 -0.103004 
1.979203 	 -0.095805 
1.982345 	 -0.088572 
1.985487 	 -0.081306 
1.988628 	 -0.074008 
1.991770 	 -0.066680 
1.994911 	 -0.059321 
1.998053 	 -0.051931 
2.001194 	 -0.044512 
2.004336 	 -0.037065 
2.007478 	 -0.029590 
2.010619 	 -0.022089 
2.013761 	 -0.014561 
2.016902 	 -0.007005 
2.020044 	 0.000575 
2.023186 	 0.008179 
2.026327 	 0.015808 
2.029469 	 0.023461 
2.032610 	 0.031137 
2.035752 	 0.038837 
2.038894 	 0.046558 
2.042035 	 0.054300 
2.045177 	 0.062065 
2.048318 	 0.069850 
2.051460 	 0.077656 
2.054602 	 0.085482 
2.057743 	 0.093327 
2.060885 	 0.101192 
2.064026 	 0.109076 
2.067168 	 0.116979 
2.070310 	 0.124898 
2.073451 	 0.132836 
2.076593 	 0.140792 
2.079734 	 0.148764 
2.082876 	 0.156754 
2.086018 	 0.164760 
2.089159 	 0.172781 
2.092301 	 0.180820 
2.095442 	 0.188872 
2.098584 	 0.196942 
2.101726 	 0.205025 
2.104867 	 0.213123 
2.108009 	 0.221236 
2.111150 	 0.229362 
2.114292 	 0.237502 
2.117434 	 0.245657 
2.120575 	 0.253824 
2.123717 	 0.262006 
2.126858 	 0.270199 
2.130000 	 0.278405 
2.133142 	 0.286625 
2.136283 	 0.294855 
2.139425 	 0.303099 
2.142566 	 0.311354 
2.145708 	 0.319620 
2.148849 	 0.327899 
2.151991 	 0.336188 
2.155133 	 0.344489 
2.158274 	 0.352800 
2.161416 	 0.361122 
2.164557 	 0.369455 
2.167699 	 0.377798 
2.170841 	 0.386151 
2.173982 	 0.394514 
2.177124 	 0.402886 
2.180265 	 0.411270 
2.183407 	 0.419662 
2.186548 	 0.428063 
2.189690 	 0.436474 
2.192832 	 0.444893 
2.195973 	 0.453322 
2.199115 	 0.461761 
2.202256 	 0.470207 
2.205398 	 0.478661 
2.208540 	 0.487124 
2.211681 	 0.495595 
2.214823 	 0.504076 
2.217964 	 0.512564 
2.221106 	 0.521059 
2.224248 	 0.529562 
2.227389 	 0.538073 
2.230531 	 0.546593 
2.233672 	 0.555118 
2.236814 	 0.563651 
2.239956 	 0.572192 
2.243097 	 0.580739 
2.246239 	 0.589295 
2.249380 	 0.597856 
2.252522 	 0.606424 
2.255664 	 0.614999 
2.258805 	 0.623581 
2.261947 	 0.632170 
2.265088 	 0.640765 
2.268230 	 0.649365 
2.271372 	 0.657972 
2.274513 	 0.666585 
2.277655 	 0.675206 
2.280796 	 0.683832 
2.283938 	 0.692463 
2.287080 	 0.701100 
2.290221 	 0.709743 
2.293363 	 0.718392 
2.296504 	 0.727046 
2.299646 	 0.735706 
2.302788 	 0.744371 
2.305929 	 0.753042 
2.309071 	 0.761717 
2.312212 	 0.770399 
2.315354 	 0.779085 
2.318496 	 0.787776 
2.321637 	 0.796473 
2.324779 	 0.805174 
2.327920 	 0.813881 
2.331062 	 0.822592 
2.334203 	 0.831307 
2.337345 	 0.840028 
2.340487 	 0.848753 
2.343628 	 0.857483 
2.346770 	 0.866217 
2.349911 	 0.874956 
2.353053 	 0.883699 
2.356194 	 0.892447 
2.359336 	 0.901198 
2.362478 	 0.909955 
2.365619 	 0.918715 
2.368761 	 0.927479 
2.371902 	 0.936248 
2.375044 	 0.945020 
2.378186 	 0.953797 
2.381327 	 0.962577 
2.384469 	 0.971361 
2.387610 	 0.980149 
2.390752 	 0.988941 
2.393894 	 0.997737 
2.397035 	 1.006536 
2.400177 	 1.015339 
2.403318 	 1.024146 
2.406460 	 1.032956 
2.409602 	 1.041770 
2.412743 	 1.050587 
2.415885 	 1.059408 
2.419026 	 1.068231 
2.422168 	 1.077058 
2.425310 	 1.085890 
2.428451 	 1.094724 
2.431593 	 1.103561 
2.434734 	 1.112401 
2.437876 	 1.121244 
2.441018 	 1.130090 
2.444159 	 1.138941 
2.447301 	 1.147794 
2.450442 	 1.156649 
2.453584 	 1.165508 
2.456726 	 1.174369 
2.459867 	 1.183235 
2.463009 	 1.192102 
2.466150 	 1.200972 
2.469292 	 1.209845 
2.472434 	 1.218720 
2.475575 	 1.227601 
2.478717 	 1.236482 
2.481858 	 1.245365 
2.485000 	 1.254252 
2.488142 	 1.263141 
2.491283 	 1.272034 
2.494425 	 1.280928 
2.497566 	 1.289825 
2.500708 	 1.298724 
2.503850 	 1.307626 
2.506991 	 1.316532 
2.510133 	 1.325438 
2.513274 	 1.334347 
2.516416 	 1.343258 
2.519557 	 1.352172 
2.522699 	 1.361089 
2.525841 	 1.370008 
2.528982 	 1.378929 
2.532124 	 1.387851 
2.535265 	 1.396776 
2.538407 	 1.405704 
2.541548 	 1.414634 
2.544690 	 1.423566 
2.547832 	 1.432500 
2.550973 	 1.441436 
2.554115 	 1.450374 
2.557256 	 1.459314 
2.560398 	 1.468256 
2.563540 	 1.477200 
2.566681 	 1.486147 
2.569823 	 1.495094 
2.572964 	 1.504045 
2.576106 	 1.512997 
2.579248 	 1.521950 
2.582389 	 1.530906 
2.585531 	 1.539864 
2.588672 	 1.548824 
2.591814 	 1.557785 
2.594956 	 1.566747 
2.598097 	 -1.565880 
2.601239 	 -1.556914 
2.604380 	 -1.547946 
2.607522 	 -1.538975 
2.610664 	 -1.530004 
2.613805 	 -1.521030 
2.616947 	 -1.512056 
2.620088 	 -1.503079 
2.623230 	 -1.494100 
2.626372 	 -1.485121 
2.629513 	 -1.476139 
2.632655 	 -1.467156 
2.635796 	 -1.458172 
2.638938 	 -1.449185 
2.642080 	 -1.440197 
2.645221 	 -1.431208 
2.648363 	 -1.422218 
2.651504 	 -1.413226 
2.654646 	 -1.404231 
2.657788 	 -1.395237 
2.660929 	 -1.386240 
2.664071 	 -1.377242 
2.667212 	 -1.368243 
2.670354 	 -1.359242 
2.673495 	 -1.350240 
2.676637 	 -1.341236 
2.679779 	 -1.332231 
2.682920 	 -1.323226 
2.686062 	 -1.314218 
2.689203 	 -1.305210 
2.692345 	 -1.296200 
2.695487 	 -1.287188 
2.698628 	 -1.278177 
2.701770 	 -1.269163 
2.704911 	 -1.260148 
2.708053 	 -1.251131 
2.711195 	 -1.242114 
2.714336 	 -1.233096 
2.717478 	 -1.224076 
2.720619 	 -1.215056 
2.723761 	 -1.206033 
2.726902 	 -1.197012 
2.730044 	 -1.187987 
2.733186 	 -1.178961 
2.736327 	 -1.169935 
2.739469 	 -1.160907 
2.742610 	 -1.151880 
2.745752 	 -1.142850 
2.748894 	 -1.133818 
2.752035 	 -1.124787 
2.755177 	 -1.115754 
2.758318 	 -1.106722 
2.761460 	 -1.097686 
2.764602 	 -1.088650 
2.767743 	 -1.079614 
2.770885 	 -1.070576 
2.774026 	 -1.061538 
2.777168 	 -1.052498 
2.780310 	 -1.043457 
2.783451 	 -1.034417 
2.786593 	 -1.025374 
2.789734 	 -1.016332 
2.792876 	 -1.007287 
2.796017 	 -0.998241 
2.799159 	 -0.989197 
2.802301 	 -0.980150 
2.805442 	 -0.971103 
2.808584 	 -0.962055 
2.811725 	 -0.953004 
2.814867 	 -0.943955 
2.818009 	 -0.934904 
2.821150 	 -0.925854 
2.824292 	 -0.916801 
2.827433 	 -0.907747 
2.830575 	 -0.898694 
2.833717 	 -0.889639 
2.836858 	 -0.880585 
2.840000 	 -0.871528 
2.843141 	 -0.862470 
2.846283 	 -0.853414 
2.849425 	 -0.844355 
2.852566 	 -0.835298 
2.855708 	 -0.826237 
2.858849 	 -0.817176 
2.861991 	 -0.808116 
2.865133 	 -0.799054 
2.868274 	 -0.789993 
2.871416 	 -0.780930 
2.874557 	 -0.771865 
2.877699 	 -0.762802 
2.880841 	 -0.753737 
2.883982 	 -0.744673 
2.887124 	 -0.735606 
2.890265 	 -0.726540 
2.893407 	 -0.717473 
2.896549 	 -0.708404 
2.899690 	 -0.699337 
2.902832 	 -0.690268 
2.905973 	 -0.681199 
2.909115 	 -0.672129 
2.912256 	 -0.663058 
2.915398 	 -0.653988 
2.918540 	 -0.644915 
2.921681 	 -0.635845 
2.924823 	 -0.626772 
2.927964 	 -0.617698 
2.931106 	 -0.608626 
2.934247 	 -0.599551 
2.937389 	 -0.590478 
2.940531 	 -0.581402 
2.943672 	 -0.572326 
2.946814 	 -0.563252 
2.949955 	 -0.554175 
2.953097 	 -0.545099 
2.956239 	 -0.536022 
2.959380 	 -0.526944 
2.962522 	 -0.517867 
2.965663 	 -0.508788 
2.968805 	 -0.499710 
2.971947 	 -0.490631 
2.975088 	 -0.481551 
2.978230 	 -0.472472 
2.981371 	 -0.463391 
2.984513 	 -0.454312 
2.987655 	 -0.445231 
2.990796 	 -0.436149 
2.993938 	 -0.427069 
2.997079 	 -0.417986 
3.000221 	 -0.408905 
3.003363 	 -0.399822 
3.006504 	 -0.390739 
3.009646 	 -0.381657 
3.012787 	 -0.372572 
3.015929 	 -0.363490 
3.019071 	 -0.354406 
3.022212 	 -0.345321 
3.025354 	 -0.336238 
3.028495 	 -0.327152 
3.031637 	 -0.318069 
3.034779 	 -0.308983 
3.037920 	 -0.299897 
3.041062 	 -0.290812 
3.044203 	 -0.281726 
3.047345 	 -0.272641 
3.050487 	 -0.263554 
3.053628 	 -0.254469 
3.056770 	 -0.245382 
3.059911 	 -0.236294 
3.063053 	 -0.227209 
3.066195 	 -0.218121 
3.069336 	 -0.209035 
3.072478 	 -0.199947 
3.075619 	 -0.190858 
3.078761 	 -0.181772 
3.081903 	 -0.172684 
3.085044 	 -0.163597 
3.088186 	 -0.154508 
3.091327 	 -0.145419 
3.094469 	 -0.136332 
3.097610 	 -0.127243 
3.100752 	 -0.118156 
3.103894 	 -0.109066 
3.107035 	 -0.099977 
3.110177 	 -0.090889 
3.113318 	 -0.081800 
3.116460 	 -0.072713 
3.119601 	 -0.063622 
3.122743 	 -0.054533 
3.125885 	 -0.045445 
3.129026 	 -0.036356 
3.132168 	 -0.027268 
3.135309 	 -0.018178 
3.138451 	 -0.009088 
3.141593 	 -0.000000 
3.144734 	 0.009089 
3.147876 	 0.018177 
3.151017 	 0.027268 
3.154159 	 0.036357 
3.157301 	 0.045445 
3.160442 	 0.054534 
3.163584 	 0.063623 
3.166725 	 0.072712 
3.169867 	 0.081802 
3.173009 	 0.090889 
3.176150 	 0.099978 
3.179292 	 0.109066 
3.182433 	 0.118155 
3.185575 	 0.127245 
3.188717 	 0.136332 
3.191858 	 0.145420 
3.195000 	 0.154508 
3.198141 	 0.163597 
3.201283 	 0.172685 
3.204425 	 0.181772 
3.207566 	 0.190860 
3.210708 	 0.199947 
3.213849 	 0.209035 
3.216991 	 0.218121 
3.220133 	 0.227208 
3.223274 	 0.236296 
3.226416 	 0.245382 
3.229557 	 0.254469 
3.232699 	 0.263554 
3.235841 	 0.272641 
3.238982 	 0.281727 
3.242124 	 0.290812 
3.245265 	 0.299899 
3.248407 	 0.308983 
3.251549 	 0.318068 
3.254690 	 0.327154 
3.257832 	 0.336238 
3.260973 	 0.345323 
3.264115 	 0.354405 
3.267256 	 0.363490 
3.270398 	 0.372574 
3.273540 	 0.381657 
3.276681 	 0.390740 
3.279823 	 0.399822 
3.282964 	 0.408904 
3.286106 	 0.417988 
3.289248 	 0.427068 
3.292389 	 0.436150 
3.295531 	 0.445230 
3.298672 	 0.454311 
3.301814 	 0.463393 
3.304955 	 0.472472 
3.308097 	 0.481552 
3.311239 	 0.490630 
3.314380 	 0.499710 
3.317522 	 0.508790 
3.320663 	 0.517867 
3.323805 	 0.526945 
3.326947 	 0.536021 
3.330088 	 0.545099 
3.333230 	 0.554177 
3.336371 	 0.563252 
3.339513 	 0.572328 
3.342655 	 0.581402 
3.345796 	 0.590477 
3.348938 	 0.599553 
3.352079 	 0.608625 
3.355221 	 0.617700 
3.358363 	 0.626771 
3.361504 	 0.635844 
3.364646 	 0.644918 
3.367787 	 0.653988 
3.370929 	 0.663059 
3.374071 	 0.672128 
3.377212 	 0.681199 
3.380354 	 0.690269 
3.383495 	 0.699337 
3.386637 	 0.708406 
3.389779 	 0.717472 
3.392920 	 0.726540 
3.396062 	 0.735606 
3.399203 	 0.744672 
3.402345 	 0.753738 
3.405487 	 0.762802 
3.408628 	 0.771867 
3.411770 	 0.780929 
3.414911 	 0.789993 
3.418053 	 0.799056 
3.421195 	 0.808116 
3.424336 	 0.817178 
3.427478 	 0.826237 
3.430619 	 0.835297 
3.433761 	 0.844357 
3.436903 	 0.853414 
3.440044 	 0.862472 
3.443186 	 0.871528 
3.446327 	 0.880585 
3.449469 	 0.889641 
3.452610 	 0.898694 
3.455752 	 0.907749 
3.458894 	 0.916801 
3.462035 	 0.925853 
3.465177 	 0.934906 
3.468318 	 0.943955 
3.471460 	 0.953006 
3.474602 	 0.962054 
3.477743 	 0.971103 
3.480885 	 0.980151 
3.484026 	 0.989196 
3.487168 	 0.998243 
3.490309 	 1.007287 
3.493451 	 1.016332 
3.496593 	 1.025375 
3.499734 	 1.034416 
3.502876 	 1.043459 
3.506017 	 1.052498 
3.509159 	 1.061538 
3.512301 	 1.070577 
3.515442 	 1.079613 
3.518584 	 1.088651 
3.521725 	 1.097686 
3.524867 	 1.106721 
3.528009 	 1.115755 
3.531150 	 1.124788 
3.534292 	 1.133820 
3.537433 	 1.142849 
3.540575 	 1.151879 
3.543717 	 1.160908 
3.546858 	 1.169935 
3.550000 	 1.178962 
3.553141 	 1.187986 
3.556283 	 1.197011 
3.559425 	 1.206033 
3.562566 	 1.215056 
3.565708 	 1.224077 
3.568849 	 1.233096 
3.571991 	 1.242115 
3.575133 	 1.251131 
3.578274 	 1.260149 
3.581416 	 1.269164 
3.584557 	 1.278176 
3.587699 	 1.287189 
3.590841 	 1.296199 
3.593982 	 1.305211 
3.597124 	 1.314220 
3.600265 	 1.323226 
3.603407 	 1.332232 
3.606549 	 1.341236 
3.609690 	 1.350241 
3.612832 	 1.359243 
3.615973 	 1.368243 
3.619115 	 1.377243 
3.622257 	 1.386239 
3.625398 	 1.395237 
3.628540 	 1.404233 
3.631681 	 1.413225 
3.634823 	 1.422218 
3.637964 	 1.431207 
3.641106 	 1.440198 
3.644248 	 1.449186 
3.647389 	 1.458171 
3.650531 	 1.467157 
3.653672 	 1.476139 
3.656814 	 1.485121 
3.659956 	 1.494102 
3.663097 	 1.503079 
3.666239 	 1.512056 
3.669380 	 1.521031 
3.672522 	 1.530005 
3.675663 	 1.538977 
3.678805 	 1.547945 
3.681947 	 1.556915 
3.685088 	 1.565880 
3.688230 	 -1.566747 
3.691371 	 -1.557783 
3.694513 	 -1.548823 
3.697655 	 -1.539863 
3.700796 	 -1.530906 
3.703938 	 -1.521950 
3.707079 	 -1.512995 
3.710221 	 -1.504045 
3.713363 	 -1.495094 
3.716504 	 -1.486146 
3.719646 	 -1.477200 
3.722787 	 -1.468257 
3.725929 	 -1.459314 
3.729071 	 -1.450373 
3.732212 	 -1.441436 
3.735354 	 -1.432499 
3.738495 	 -1.423566 
3.741637 	 -1.414634 
3.744779 	 -1.405704 
3.747920 	 -1.396777 
3.751062 	 -1.387851 
3.754203 	 -1.378929 
3.757345 	 -1.370008 
3.760487 	 -1.361088 
3.763628 	 -1.352172 
3.766770 	 -1.343258 
3.769911 	 -1.334347 
3.773053 	 -1.325438 
3.776194 	 -1.316529 
3.779336 	 -1.307626 
3.782478 	 -1.298724 
3.785619 	 -1.289825 
3.788761 	 -1.280928 
3.791902 	 -1.272032 
3.795044 	 -1.263141 
3.798186 	 -1.254251 
3.801327 	 -1.245366 
3.804469 	 -1.236481 
3.807610 	 -1.227598 
3.810752 	 -1.218721 
3.813894 	 -1.209844 
3.817035 	 -1.200973 
3.820177 	 -1.192102 
3.823318 	 -1.183233 
3.826460 	 -1.174369 
3.829602 	 -1.165507 
3.832743 	 -1.156650 
3.835885 	 -1.147793 
3.839026 	 -1.138939 
3.842168 	 -1.130091 
3.845309 	 -1.121243 
3.848451 	 -1.112401 
3.851593 	 -1.103560 
3.854734 	 -1.094722 
3.857876 	 -1.085889 
3.861017 	 -1.077058 
3.864159 	 -1.068232 
3.867301 	 -1.059407 
3.870442 	 -1.050585 
3.873584 	 -1.041769 
3.876725 	 -1.032955 
3.879867 	 -1.024146 
3.883009 	 -1.015339 
3.886150 	 -1.006536 
3.889292 	 -0.997737 
3.892433 	 -0.988940 
3.895575 	 -0.980150 
3.898716 	 -0.971360 
3.901858 	 -0.962577 
3.905000 	 -0.953796 
3.908141 	 -0.945019 
3.911283 	 -0.936248 
3.914424 	 -0.927478 
3.917566 	 -0.918715 
3.920708 	 -0.909954 
3.923849 	 -0.901198 
3.926991 	 -0.892447 
3.930132 	 -0.883698 
3.933274 	 -0.874956 
3.936416 	 -0.866217 
3.939557 	 -0.857482 
3.942699 	 -0.848754 
3.945840 	 -0.840027 
3.948982 	 -0.831308 
3.952124 	 -0.822591 
3.955265 	 -0.813880 
3.958407 	 -0.805175 
3.961548 	 -0.796472 
3.964690 	 -0.787777 
3.967832 	 -0.779085 
3.970973 	 -0.770398 
3.974115 	 -0.761718 
3.977256 	 -0.753041 
3.980398 	 -0.744371 
3.983540 	 -0.735705 
3.986681 	 -0.727045 
3.989823 	 -0.718392 
3.992964 	 -0.709742 
3.996106 	 -0.701100 
3.999248 	 -0.692462 
4.002389 	 -0.683829 
4.005531 	 -0.675206 
4.008672 	 -0.666585 
4.011814 	 -0.657974 
4.014956 	 -0.649365 
4.018097 	 -0.640762 
4.021239 	 -0.632170 
4.024380 	 -0.623580 
4.027522 	 -0.615000 
4.030663 	 -0.606424 
4.033805 	 -0.597854 
4.036947 	 -0.589294 
4.040088 	 -0.580738 
4.043230 	 -0.572193 
4.046371 	 -0.563651 
4.049513 	 -0.555118 
4.052655 	 -0.546592 
4.055796 	 -0.538072 
4.058938 	 -0.529563 
4.062079 	 -0.521058 
4.065221 	 -0.512563 
4.068363 	 -0.504076 
4.071504 	 -0.495595 
4.074646 	 -0.487125 
4.077787 	 -0.478661 
4.080929 	 -0.470206 
4.084071 	 -0.461760 
4.087212 	 -0.453321 
4.090353 	 -0.444893 
4.093495 	 -0.436473 
4.096637 	 -0.428063 
4.099779 	 -0.419662 
4.102920 	 -0.411268 
4.106061 	 -0.402886 
4.109203 	 -0.394513 
4.112345 	 -0.386151 
4.115487 	 -0.377798 
4.118628 	 -0.369453 
4.121769 	 -0.361121 
4.124911 	 -0.352800 
4.128053 	 -0.344489 
4.131195 	 -0.336188 
4.134336 	 -0.327898 
4.137477 	 -0.319620 
4.140619 	 -0.311353 
4.143761 	 -0.303099 
4.146903 	 -0.294856 
4.150044 	 -0.286623 
4.153185 	 -0.278405 
4.156327 	 -0.270199 
4.159469 	 -0.262005 
4.162611 	 -0.253825 
4.165752 	 -0.245656 
4.168893 	 -0.237502 
4.172035 	 -0.229362 
4.175177 	 -0.221235 
4.178319 	 -0.213123 
4.181460 	 -0.205023 
4.184601 	 -0.196940 
4.187743 	 -0.188872 
4.190885 	 -0.180819 
4.194026 	 -0.172782 
4.197168 	 -0.164758 
4.200309 	 -0.156753 
4.203451 	 -0.148764 
4.206593 	 -0.140792 
4.209734 	 -0.132837 
4.212876 	 -0.124899 
4.216017 	 -0.116977 
4.219159 	 -0.109075 
4.222301 	 -0.101192 
4.225442 	 -0.093328 
4.228584 	 -0.085483 
4.231725 	 -0.077655 
4.234867 	 -0.069850 
4.238008 	 -0.062065 
4.241150 	 -0.054301 
4.244292 	 -0.046558 
4.247433 	 -0.038836 
4.250575 	 -0.031137 
4.253716 	 -0.023461 
4.256858 	 -0.015809 
4.260000 	 -0.008180 
4.263141 	 -0.000574 
4.266283 	 0.007006 
4.269424 	 0.014560 
4.272566 	 0.022088 
4.275708 	 0.029590 
4.278849 	 0.037066 
4.281991 	 0.044513 
4.285132 	 0.051931 
4.288274 	 0.059320 
4.291416 	 0.066679 
4.294557 	 0.074010 
4.297699 	 0.081307 
4.300840 	 0.088572 
4.303982 	 0.095805 
4.307124 	 0.103004 
4.310265 	 0.110170 
4.313407 	 0.117299 
4.316548 	 0.124391 
4.319690 	 0.131447 
4.322832 	 0.138464 
4.325973 	 0.145444 
4.329115 	 0.152382 
4.332256 	 0.159279 
4.335398 	 0.166135 
4.338540 	 0.172944 
4.341681 	 0.179712 
4.344823 	 0.186432 
4.347964 	 0.193105 
4.351106 	 0.199731 
4.354248 	 0.206303 
4.357389 	 0.212828 
4.360531 	 0.219298 
4.363672 	 0.225713 
4.366814 	 0.232075 
4.369956 	 0.238374 
4.373097 	 0.244618 
4.376239 	 0.250797 
4.379380 	 0.256916 
4.382522 	 0.262970 
4.385664 	 0.268953 
4.388805 	 0.274871 
4.391947 	 0.280712 
4.395088 	 0.286484 
4.398230 	 0.292179 
4.401371 	 0.297791 
4.404513 	 0.303325 
4.407655 	 0.308770 
4.410796 	 0.314132 
4.413938 	 0.319403 
4.417079 	 0.324576 
4.420221 	 0.329656 
4.423363 	 0.334631 
4.426504 	 0.339505 
4.429646 	 0.344270 
4.432787 	 0.348919 
4.435929 	 0.353455 
4.439071 	 0.357864 
4.442212 	 0.362151 
4.445354 	 0.366307 
4.448495 	 0.370321 
4.451637 	 0.374196 
4.454779 	 0.377918 
4.457920 	 0.381489 
4.461061 	 0.384897 
4.464203 	 0.388132 
4.467345 	 0.391195 
4.470487 	 0.394068 
4.473628 	 0.396751 
4.476769 	 0.399231 
4.479911 	 0.401495 
4.483053 	 0.403539 
4.486195 	 0.405345 
4.489336 	 0.406909 
4.492477 	 0.408214 
4.495619 	 0.409242 
4.498761 	 0.409987 
4.501903 	 0.410424 
4.505044 	 0.410545 
4.508185 	 0.410329 
4.511327 	 0.409749 
4.514469 	 0.408795 
4.517611 	 0.407434 
4.520752 	 0.405650 
4.523893 	 0.403412 
4.527035 	 0.400684 
4.530177 	 0.397446 
4.533319 	 0.393651 
4.536460 	 0.389273 
4.539601 	 0.384261 
4.542743 	 0.378571 
4.545885 	 0.372157 
4.549026 	 0.364954 
4.552168 	 0.356912 
4.555309 	 0.347957 
4.558451 	 0.338012 
4.561593 	 0.327002 
4.564734 	 0.314823 
4.567876 	 0.301385 
4.571017 	 0.286566 
4.574159 	 0.270237 
4.577301 	 0.252262 
4.580442 	 0.232475 
4.583584 	 0.210695 
4.586725 	 0.186732 
4.589867 	 0.160353 
4.593009 	 0.131323 
4.596150 	 0.099358 
4.599292 	 0.064151 
4.602433 	 0.025387 
4.605575 	 -0.017304 
4.608716 	 -0.064278 
4.611858 	 -0.115929 
4.615000 	 -0.172640 
4.618141 	 -0.234737 
4.621283 	 -0.302520 
4.624424 	 -0.376136 
4.627566 	 -0.455615 
4.630708 	 -0.540775 
4.633849 	 -0.631147 
4.636991 	 -0.726055 
4.640132 	 -0.824515 
4.643274 	 -0.925416 
4.646416 	 -1.027563 
4.649557 	 -1.129764 
4.652699 	 -1.231054 
4.655840 	 -1.330655 
4.658982 	 -1.428142 
4.662124 	 -1.523391 
4.665265 	 1.525082 
4.668407 	 1.433687 
4.671548 	 1.343483 
4.674690 	 1.253746 
4.677832 	 1.163652 
4.680973 	 1.072350 
4.684115 	 0.978894 
4.687256 	 0.882397 
4.690398 	 0.781969 
4.693540 	 0.676837 
4.696681 	 0.566473 
4.699823 	 0.450585 
4.702964 	 0.329367 
4.706106 	 0.203458 
4.709248 	 0.074012 
4.712389 	 -0.057307 
4.715531 	 -0.188660 
4.718672 	 -0.318124 
4.721814 	 -0.444087 
4.724956 	 -0.565377 
4.728097 	 -0.681275 
4.731239 	 -0.791627 
4.734380 	 -0.896614 
4.737522 	 -0.996755 
4.740664 	 -1.092760 
4.743805 	 -1.185382 
4.746947 	 -1.275464 
4.750088 	 -1.363772 
4.753230 	 -1.451061 
4.756371 	 -1.538003 
4.759513 	 1.516474 
4.762655 	 1.428741 
4.765796 	 1.340159 
4.768938 	 1.250634 
4.772079 	 1.160257 
4.775221 	 1.069363 
4.778363 	 0.978405 
4.781504 	 0.888044 
4.784646 	 0.798993 
4.787787 	 0.711993 
4.790929 	 0.627802 
4.794071 	 0.547033 
4.797212 	 0.470224 
4.800354 	 0.397729 
4.803495 	 0.329746 
4.806637 	 0.266380 
4.809779 	 0.207574 
4.812920 	 0.153222 
4.816061 	 0.103129 
4.819203 	 0.057053 
4.822345 	 0.014760 
4.825486 	 -0.024019 
4.828628 	 -0.059556 
4.831769 	 -0.092084 
4.834911 	 -0.121861 
4.838053 	 -0.149099 
4.841194 	 -0.174010 
4.844336 	 -0.196797 
4.847477 	 -0.217619 
4.850619 	 -0.236651 
4.853761 	 -0.254029 
4.856902 	 -0.269887 
4.860044 	 -0.284355 
4.863185 	 -0.297527 
4.866327 	 -0.309515 
4.869469 	 -0.320401 
4.872610 	 -0.330266 
4.875752 	 -0.339194 
4.878893 	 -0.347238 
4.882035 	 -0.354473 
4.885177 	 -0.360943 
4.888318 	 -0.366705 
4.891460 	 -0.371811 
4.894601 	 -0.376292 
4.897743 	 -0.380199 
4.900885 	 -0.383558 
4.904026 	 -0.386407 
4.907168 	 -0.388781 
4.910309 	 -0.390699 
4.913451 	 -0.392196 
4.916593 	 -0.393287 
4.919734 	 -0.393999 
4.922876 	 -0.394357 
4.926017 	 -0.394372 
4.929159 	 -0.394070 
4.932301 	 -0.393459 
4.935442 	 -0.392559 
4.938584 	 -0.391388 
4.941725 	 -0.389952 
4.944867 	 -0.388272 
4.948009 	 -0.386351 
4.951150 	 -0.384204 
4.954292 	 -0.381846 
4.957433 	 -0.379278 
4.960575 	 -0.376518 
4.963717 	 -0.373566 
4.966858 	 -0.370435 
4.970000 	 -0.367136 
4.973141 	 -0.363668 
4.976283 	 -0.360047 
4.979424 	 -0.356269 
4.982566 	 -0.352347 
4.985708 	 -0.348289 
4.988849 	 -0.344092 
4.991991 	 -0.339771 
4.995132 	 -0.335322 
4.998274 	 -0.330754 
5.001416 	 -0.326074 
5.004557 	 -0.321280 
5.007699 	 -0.316383 
5.010840 	 -0.311379 
5.013982 	 -0.306277 
5.017124 	 -0.301082 
5.020265 	 -0.295790 
5.023407 	 -0.290414 
5.026548 	 -0.284947 
5.029690 	 -0.279396 
5.032832 	 -0.273769 
5.035973 	 -0.268060 
5.039115 	 -0.262279 
5.042256 	 -0.256421 
5.045398 	 -0.250494 
5.048540 	 -0.244498 
5.051681 	 -0.238433 
5.054823 	 -0.232308 
5.057964 	 -0.226117 
5.061106 	 -0.219867 
5.064248 	 -0.213557 
5.067389 	 -0.207189 
5.070531 	 -0.200768 
5.073672 	 -0.194290 
5.076814 	 -0.187762 
5.079956 	 -0.181182 
5.083097 	 -0.174551 
5.086238 	 -0.167873 
5.089380 	 -0.161149 
5.092522 	 -0.154379 
5.095664 	 -0.147564 
5.098805 	 -0.140705 
5.101946 	 -0.133805 
5.105088 	 -0.126864 
5.108230 	 -0.119883 
5.111372 	 -0.112863 
5.114513 	 -0.105803 
5.117654 	 -0.098709 
5.120796 	 -0.091578 
5.123938 	 -0.084412 
5.127079 	 -0.077211 
5.130221 	 -0.069975 
5.133362 	 -0.062709 
5.136504 	 -0.055410 
5.139646 	 -0.048080 
5.142787 	 -0.040720 
5.145929 	 -0.033329 
5.149070 	 -0.025910 
5.152212 	 -0.018462 
5.155354 	 -0.010988 
5.158495 	 -0.003485 
5.161637 	 0.004045 
5.164778 	 0.011599 
5.167920 	 0.019179 
5.171062 	 0.026784 
5.174203 	 0.034413 
5.177345 	 0.042067 
5.180486 	 0.049743 
5.183628 	 0.057441 
5.186769 	 0.065162 
5.189911 	 0.072904 
5.193053 	 0.080670 
5.196194 	 0.088454 
5.199336 	 0.096260 
5.202477 	 0.104085 
5.205619 	 0.111930 
5.208761 	 0.119793 
5.211902 	 0.127678 
5.215044 	 0.135579 
5.218185 	 0.143499 
5.221327 	 0.151436 
5.224469 	 0.159390 
5.227610 	 0.167363 
5.230752 	 0.175352 
5.233893 	 0.183357 
5.237035 	 0.191378 
5.240177 	 0.199414 
5.243318 	 0.207468 
5.246460 	 0.215536 
5.249601 	 0.223618 
5.252743 	 0.231715 
5.255885 	 0.239826 
5.259026 	 0.247954 
5.262168 	 0.256093 
5.265309 	 0.264246 
5.268451 	 0.272413 
5.271593 	 0.280592 
5.274734 	 0.288786 
5.277876 	 0.296992 
5.281017 	 0.305209 
5.284159 	 0.313439 
5.287301 	 0.321681 
5.290442 	 0.329937 
5.293584 	 0.338202 
5.296725 	 0.346479 
5.299867 	 0.354767 
5.303009 	 0.363066 
5.306150 	 0.371378 
5.309292 	 0.379699 
5.312433 	 0.388030 
5.315575 	 0.396372 
5.318717 	 0.404724 
5.321858 	 0.413087 
5.325000 	 0.421459 
5.328141 	 0.429840 
5.331283 	 0.438233 
5.334424 	 0.446631 
5.337566 	 0.455040 
5.340708 	 0.463461 
5.343849 	 0.471888 
5.346991 	 0.480324 
5.350132 	 0.488771 
5.353274 	 0.497225 
5.356416 	 0.505685 
5.359557 	 0.514159 
5.362699 	 0.522637 
5.365840 	 0.531121 
5.368982 	 0.539616 
5.372124 	 0.548120 
5.375265 	 0.556629 
5.378407 	 0.565146 
5.381548 	 0.573673 
5.384690 	 0.582205 
5.387832 	 0.590742 
5.390973 	 0.599292 
5.394114 	 0.607846 
5.397256 	 0.616404 
5.400398 	 0.624971 
5.403540 	 0.633547 
5.406681 	 0.642127 
5.409822 	 0.650714 
5.412964 	 0.659309 
5.416106 	 0.667909 
5.419248 	 0.676513 
5.422389 	 0.685129 
5.425530 	 0.693747 
5.428672 	 0.702370 
5.431814 	 0.710999 
5.434956 	 0.719638 
5.438097 	 0.728279 
5.441238 	 0.736926 
5.444380 	 0.745581 
5.447522 	 0.754240 
5.450664 	 0.762902 
5.453805 	 0.771571 
5.456946 	 0.780249 
5.460088 	 0.788927 
5.463230 	 0.797612 
5.466372 	 0.806304 
5.469513 	 0.814999 
5.472654 	 0.823699 
5.475796 	 0.832406 
5.478938 	 0.841116 
5.482080 	 0.849829 
5.485221 	 0.858548 
5.488362 	 0.867275 
5.491504 	 0.876002 
5.494646 	 0.884735 
5.497787 	 0.893474 
5.500929 	 0.902216 
5.504070 	 0.910962 
5.507212 	 0.919714 
5.510354 	 0.928469 
5.513495 	 0.937226 
5.516637 	 0.945989 
5.519778 	 0.954760 
5.522920 	 0.963529 
5.526062 	 0.972304 
5.529203 	 0.981085 
5.532345 	 0.989868 
5.535486 	 0.998655 
5.538628 	 1.007447 
5.541770 	 1.016241 
5.544911 	 1.025038 
5.548053 	 1.033839 
5.551194 	 1.042648 
5.554336 	 1.051455 
5.557477 	 1.060267 
5.560619 	 1.069085 
5.563761 	 1.077904 
5.566902 	 1.086727 
5.570044 	 1.095555 
5.573185 	 1.104384 
5.576327 	 1.113217 
5.579469 	 1.122051 
5.582610 	 1.130893 
5.585752 	 1.139734 
5.588893 	 1.148579 
5.592035 	 1.157431 
5.595177 	 1.166281 
5.598318 	 1.175135 
5.601460 	 1.183994 
5.604601 	 1.192855 
5.607743 	 1.201718 
5.610885 	 1.210582 
5.614026 	 1.219455 
5.617168 	 1.228325 
5.620309 	 1.237199 
5.623451 	 1.246080 
5.626593 	 1.254959 
5.629734 	 1.263841 
5.632876 	 1.272725 
5.636017 	 1.281616 
5.639159 	 1.290507 
5.642301 	 1.299398 
5.645442 	 1.308298 
5.648584 	 1.317194 
5.651725 	 1.326095 
5.654867 	 1.335001 
5.658009 	 1.343905 
5.661150 	 1.352813 
5.664292 	 1.361722 
5.667433 	 1.370638 
5.670575 	 1.379552 
5.673717 	 1.388468 
5.676858 	 1.397391 
5.680000 	 1.406311 
5.683141 	 1.415235 
5.686283 	 1.424165 
5.689425 	 1.433091 
5.692566 	 1.442021 
5.695708 	 1.450952 
5.698849 	 1.459891 
5.701991 	 1.468827 
5.705132 	 1.477764 
5.708274 	 1.486709 
5.711416 	 1.495650 
5.714557 	 1.504594 
5.717699 	 1.513545 
5.720840 	 1.522492 
5.723982 	 1.531442 
5.727124 	 1.540393 
5.730265 	 1.549351 
5.733407 	 1.558307 
5.736548 	 1.567263 
5.739690 	 -1.565366 
5.742832 	 -1.556406 
5.745973 	 -1.547443 
5.749115 	 -1.538474 
5.752256 	 -1.529509 
5.755398 	 -1.520541 
5.758540 	 -1.511572 
5.761681 	 -1.502597 
5.764822 	 -1.493623 
5.767964 	 -1.484650 
5.771106 	 -1.475669 
5.774248 	 -1.466692 
5.777389 	 -1.457712 
5.780530 	 -1.448731 
5.783672 	 -1.439746 
5.786814 	 -1.430761 
5.789956 	 -1.421777 
5.793097 	 -1.412785 
5.796238 	 -1.403796 
5.799380 	 -1.394807 
5.802522 	 -1.385811 
5.805664 	 -1.376819 
5.808805 	 -1.367825 
5.811946 	 -1.358828 
5.815088 	 -1.349828 
5.818230 	 -1.340829 
5.821371 	 -1.331829 
5.824513 	 -1.322825 
5.827654 	 -1.313822 
5.830796 	 -1.304819 
5.833938 	 -1.295810 
5.837079 	 -1.286803 
5.840221 	 -1.277796 
5.843362 	 -1.268787 
5.846504 	 -1.259773 
5.849646 	 -1.250762 
5.852787 	 -1.241748 
5.855929 	 -1.232732 
5.859070 	 -1.223716 
5.862212 	 -1.214701 
5.865354 	 -1.205679 
5.868495 	 -1.196660 
5.871637 	 -1.187641 
5.874778 	 -1.178620 
5.877920 	 -1.169595 
5.881062 	 -1.160572 
5.884203 	 -1.151547 
5.887345 	 -1.142519 
5.890486 	 -1.133492 
5.893628 	 -1.124466 
5.896770 	 -1.115433 
5.899911 	 -1.106404 
5.903053 	 -1.097374 
5.906194 	 -1.088342 
5.909336 	 -1.079307 
5.912477 	 -1.070273 
5.915619 	 -1.061239 
5.918761 	 -1.052200 
5.921902 	 -1.043164 
5.925044 	 -1.034127 
5.928185 	 -1.025085 
5.931327 	 -1.016046 
5.934469 	 -1.007007 
5.937610 	 -0.997966 
5.940752 	 -0.988921 
5.943893 	 -0.979878 
5.947035 	 -0.970834 
5.950177 	 -0.961787 
5.953318 	 -0.952742 
5.956460 	 -0.943697 
5.959601 	 -0.934650 
5.962743 	 -0.925598 
5.965885 	 -0.916550 
5.969026 	 -0.907501 
5.972168 	 -0.898448 
5.975309 	 -0.889397 
5.978451 	 -0.880345 
5.981593 	 -0.871290 
5.984734 	 -0.862237 
5.987876 	 -0.853184 
5.991017 	 -0.844130 
5.994159 	 -0.835070 
5.997301 	 -0.826015 
6.000442 	 -0.816959 
6.003584 	 -0.807899 
6.006725 	 -0.798840 
6.009867 	 -0.789782 
6.013009 	 -0.780720 
6.016150 	 -0.771659 
6.019292 	 -0.762600 
6.022433 	 -0.753539 
6.025575 	 -0.744473 
6.028717 	 -0.735411 
6.031858 	 -0.726348 
6.035000 	 -0.717282 
6.038141 	 -0.708217 
6.041283 	 -0.699152 
6.044425 	 -0.690084 
6.047566 	 -0.681018 
6.050708 	 -0.671953 
6.053849 	 -0.662886 
6.056991 	 -0.653814 
6.060133 	 -0.644747 
6.063274 	 -0.635679 
6.066415 	 -0.626606 
6.069557 	 -0.617537 
6.072699 	 -0.608467 
6.075840 	 -0.599394 
6.078982 	 -0.590322 
6.082123 	 -0.581251 
6.085265 	 -0.572180 
6.088407 	 -0.563104 
6.091548 	 -0.554032 
6.094690 	 -0.544959 
6.097831 	 -0.535881 
6.100973 	 -0.526808 
6.104115 	 -0.517733 
6.107256 	 -0.508659 
6.110398 	 -0.499580 
6.113539 	 -0.490504 
6.116681 	 -0.481429 
6.119823 	 -0.472349 
6.122964 	 -0.463273 
6.126106 	 -0.454196 
6.129247 	 -0.445114 
6.132389 	 -0.436038 
6.135530 	 -0.426959 
6.138672 	 -0.417882 
6.141814 	 -0.408799 
6.144955 	 -0.399719 
6.148097 	 -0.390641 
6.151238 	 -0.381557 
6.154380 	 -0.372479 
6.157522 	 -0.363398 
6.160663 	 -0.354313 
6.163805 	 -0.345234 
6.166946 	 -0.336152 
6.170088 	 -0.327072 
6.173230 	 -0.317986 
6.176371 	 -0.308904 
6.179513 	 -0.299823 
6.182654 	 -0.290737 
6.185796 	 -0.281656 
6.188938 	 -0.272573 
6.192079 	 -0.263485 
6.195221 	 -0.254404 
6.198362 	 -0.245320 
6.201504 	 -0.236238 
6.204646 	 -0.227150 
6.207787 	 -0.218066 
6.210929 	 -0.208983 
6.214070 	 -0.199894 
6.217212 	 -0.190811 
6.220354 	 -0.181726 
6.223495 	 -0.172638 
6.226637 	 -0.163554 
6.229778 	 -0.154469 
6.232920 	 -0.145385 
6.236062 	 -0.136296 
6.239203 	 -0.127211 
6.242345 	 -0.118126 
6.245486 	 -0.109037 
6.248628 	 -0.099953 
6.251770 	 -0.090867 
6.254911 	 -0.081777 
6.258053 	 -0.072693 
6.261194 	 -0.063607 
6.264336 	 -0.054522 
6.267478 	 -0.045432 
6.270619 	 -0.036346 
6.273761 	 -0.027261 
6.276902 	 -0.018171 
6.280044 	 -0.009087 
6.283185 	 -0.000000 
